CANSAT data log:
1,9074,0.00,0.02,9.84,0.01,-0.01,0.09,-0.05,31.20,1005.50,46.20,-0.15
2,9454,0.00,0.02,9.88,-0.01,0.01,0.09,-0.02,31.20,1005.50,46.20,-0.15
3,9835,0.02,-0.01,9.83,-0.00,0.00,0.04,0.04,31.20,1005.40,46.20,0.69
4,10210,0.00,0.03,9.89,-0.00,0.00,0.09,0.05,31.20,1005.50,46.20,-0.15
5,10590,0.00,0.01,9.83,-0.00,0.00,0.07,0.04,31.10,1005.40,46.30,0.69
6,10965,0.01,0.05,9.87,0.01,-0.01,0.18,0.06,31.10,1005.50,46.20,-0.15
7,11345,-0.03,0.03,9.86,0.00,-0.00,0.18,-0.03,31.20,1005.40,46.30,0.69
8,11727,0.03,-0.00,9.84,0.06,-0.06,0.13,0.04,31.10,1005.40,46.30,0.69
12,14432,0.03,-0.02,9.88,0.01,-0.01,-0.35,-13.96,31.40,1005.60,46.50,-0.98
13,14822,0.11,0.00,9.86,-0.00,0.00,-0.24,-8.76,31.40,1005.60,46.40,-0.98
14,15208,0.08,0.00,9.85,-0.00,0.00,-0.17,-5.49,31.40,1005.60,46.40,-0.98
15,15594,0.05,-0.00,9.85,0.00,-0.00,-0.13,-3.21,31.40,1005.60,46.30,-0.98
16,15980,0.07,-0.02,9.86,-0.00,0.00,-0.13,-1.49,31.30,1005.60,46.30,-0.98
17,16366,-0.04,-0.01,9.85,-0.00,0.00,-0.12,-0.46,31.30,1005.60,46.30,-0.98
18,16760,0.09,-0.04,9.86,-0.00,-0.00,-0.15,0.49,31.40,1005.60,46.40,-0.98
19,17145,0.04,0.05,9.85,0.00,-0.00,-0.02,1.02,31.40,1005.60,46.40,-0.98
20,17526,0.07,0.01,9.84,0.00,-0.00,0.02,1.37,31.40,1005.60,46.40,-0.98
21,17906,0.07,0.00,9.83,0.00,0.00,0.04,1.55,31.40,1005.60,46.40,-0.98
22,18286,0.08,-0.02,9.83,-0.00,-0.00,-0.01,1.61,31.40,1005.60,46.40,-0.98
23,18672,0.08,-0.00,9.87,-0.00,-0.00,-0.00,1.58,31.40,1005.60,46.40,-0.98
24,19058,0.07,-0.01,9.85,-0.00,0.00,-0.02,1.48,31.40,1005.60,46.30,-0.98
25,19446,0.07,-0.01,9.85,0.00,0.00,-0.03,1.34,31.40,1005.60,46.30,-0.98
26,19826,0.07,-0.01,9.86,-0.00,0.00,-0.04,1.19,31.40,1005.60,46.40,-0.98
27,20212,0.06,0.04,9.83,0.00,-0.00,0.05,1.02,31.40,1005.60,46.30,-0.98
28,20593,0.06,-0.01,9.84,0.00,-0.00,0.03,0.88,31.40,1005.60,46.30,-0.98
29,20974,0.07,0.01,9.85,0.00,0.00,0.04,0.77,31.30,1005.60,46.30,-0.98
30,21354,0.08,0.05,9.84,-0.00,0.00,0.13,0.69,31.30,1005.60,46.30,-0.98
31,21936,-0.12,-0.18,9.85,0.00,-0.00,-0.30,0.18,31.40,1005.60,46.30,-0.98
32,22324,0.02,-0.03,9.86,-0.00,0.00,-0.29,0.10,31.40,1005.60,46.30,-0.98
33,22710,0.07,-0.03,9.86,-0.00,0.00,-0.27,0.16,31.40,1005.60,46.30,-0.98
34,23095,0.07,0.01,9.84,0.00,0.00,-0.19,0.21,31.40,1005.60,46.30,-0.98
35,23476,0.08,0.00,9.84,-0.00,0.00,-0.13,0.27,31.40,1005.60,46.20,-0.98
36,23857,0.07,-0.01,9.85,-0.00,0.00,-0.10,0.29,31.40,1005.60,46.30,-0.98
37,24243,0.07,0.00,9.85,-0.00,-0.00,-0.06,0.33,31.40,1005.60,46.20,-0.98
38,24628,0.06,-0.01,9.84,-0.00,-0.00,-0.05,0.33,31.40,1005.60,46.20,-0.98
39,25016,0.06,0.01,9.85,-0.00,0.00,-0.01,0.34,31.40,1005.60,46.20,-0.98
40,25396,0.08,-0.00,9.87,-0.00,-0.00,0.00,0.38,31.40,1005.60,46.20,-0.98
41,25781,0.05,0.01,9.85,-0.00,-0.00,0.02,0.36,31.40,1005.50,46.20,-0.15
42,26161,0.07,-0.01,9.86,0.00,-0.00,0.01,0.38,31.40,1005.60,46.20,-0.98
43,26542,0.05,0.01,9.84,0.00,-0.00,0.03,0.36,31.40,1005.60,46.20,-0.98
44,26927,0.07,-0.01,9.84,-0.00,0.00,0.01,0.37,31.40,1005.60,46.20,-0.98
45,27307,0.05,0.10,9.88,0.01,-0.01,0.21,0.35,31.40,1005.60,46.20,-0.98
46,27689,0.04,-0.05,9.86,-0.00,0.00,0.08,0.31,31.40,1005.60,46.20,-0.98
47,28069,0.07,-0.03,9.87,0.00,0.00,-0.00,0.33,31.40,1005.60,46.20,-0.98
48,28449,0.07,-0.07,9.85,0.00,0.00,-0.14,0.36,31.40,1005.60,46.20,-0.98
49,28829,0.08,0.04,9.84,0.00,-0.00,-0.04,0.40,31.40,1005.60,46.10,-0.98
50,29209,0.06,-0.03,9.87,-0.00,-0.00,-0.09,0.38,31.40,1005.60,46.10,-0.98
51,29595,0.08,-0.02,9.86,0.00,-0.00,-0.11,0.42,31.40,1005.60,46.10,-0.98
52,29981,0.09,-0.00,9.84,0.00,-0.00,-0.09,0.45,31.40,1005.60,46.10,-0.98
53,30369,0.08,-0.01,9.86,-0.00,0.00,-0.08,0.47,31.40,1005.60,46.10,-0.98
54,30754,0.04,0.00,9.84,0.00,0.00,-0.05,0.40,31.40,1005.60,46.10,-0.98
55,31135,0.07,-0.02,9.84,-0.00,0.00,-0.07,0.39,31.40,1005.60,46.10,-0.98
56,31521,0.08,0.01,9.85,-0.00,-0.00,-0.04,0.41,31.30,1005.60,46.10,-0.98
57,31907,0.07,0.02,9.86,0.00,0.00,0.02,0.41,31.30,1005.60,46.20,-0.98
58,32287,-0.01,-0.01,9.86,0.00,-0.00,-0.00,0.24,31.30,1005.60,46.20,-0.98
59,32673,0.06,0.03,9.85,-0.00,-0.00,0.05,0.25,31.30,1005.60,46.20,-0.98
60,33055,0.08,-0.02,9.84,0.00,0.00,0.01,0.30,31.30,1005.60,46.20,-0.98
61,33436,0.08,-0.02,9.86,-0.00,0.00,-0.02,0.34,31.30,1005.60,46.10,-0.98
62,33821,0.10,0.00,9.85,0.00,-0.00,-0.01,0.42,31.30,1005.60,46.10,-0.98
63,34202,0.06,0.01,9.86,0.00,0.00,0.02,0.40,31.30,1005.60,46.00,-0.98
64,34582,0.07,-0.00,9.84,0.00,0.00,0.01,0.40,31.30,1005.60,46.00,-0.98
65,34963,0.07,-0.02,9.85,-0.00,-0.00,-0.02,0.41,31.30,1005.60,46.00,-0.98
66,35348,0.08,0.01,9.84,0.00,-0.00,-0.00,0.44,31.30,1005.60,46.00,-0.98
67,35731,0.08,0.03,9.87,0.00,0.00,0.05,0.45,31.30,1005.60,46.10,-0.98
68,36111,0.07,-0.00,9.88,-0.00,-0.00,0.03,0.44,31.30,1005.60,46.10,-0.98
69,36497,0.09,-0.01,9.84,-0.00,0.00,0.01,0.48,31.30,1005.60,46.10,-0.98
70,36877,0.06,0.02,9.84,-0.00,-0.00,0.04,0.45,31.30,1005.60,46.20,-0.98
71,37262,0.07,0.01,9.87,-0.00,-0.00,0.04,0.43,31.30,1005.60,46.20,-0.98
72,37642,0.08,0.01,9.86,-0.00,0.00,0.06,0.45,31.30,1005.60,46.20,-0.98
73,38023,0.08,-0.00,9.86,-0.00,-0.00,0.04,0.45,31.30,1005.60,46.20,-0.98
74,38410,0.04,0.02,9.83,-0.00,0.00,0.06,0.39,31.30,1005.60,46.10,-0.98
75,38790,0.06,0.01,9.84,0.00,-0.00,0.07,0.37,31.30,1005.60,46.10,-0.98
76,39171,0.06,-0.00,9.87,-0.00,0.00,0.04,0.36,31.30,1005.60,46.10,-0.98
77,39552,0.06,0.02,9.84,-0.00,-0.00,0.07,0.35,31.30,1005.60,46.10,-0.98
78,39932,0.07,-0.02,9.86,-0.00,-0.00,0.02,0.35,31.30,1005.60,46.20,-0.98
79,40318,0.08,0.01,9.86,0.00,-0.00,0.03,0.39,31.30,1005.60,46.20,-0.98
80,40699,0.06,0.02,9.86,-0.00,-0.00,0.05,0.37,31.30,1005.60,46.20,-0.98
81,41082,0.08,-0.02,9.86,0.00,-0.00,0.00,0.40,31.30,1005.60,46.20,-0.98
82,41462,0.05,0.00,9.86,0.00,-0.00,0.00,0.37,31.30,1005.60,46.30,-0.98
83,41842,0.07,-0.01,9.86,0.00,-0.00,-0.02,0.38,31.30,1005.60,46.30,-0.98
84,42228,0.08,-0.00,9.88,0.00,-0.00,-0.02,0.41,31.30,1005.60,46.30,-0.98
85,42614,0.05,0.00,9.86,-0.00,-0.00,-0.01,0.37,31.30,1005.60,46.30,-0.98
86,42999,0.05,0.00,9.86,0.00,0.00,-0.01,0.34,31.30,1005.60,46.30,-0.98
87,43379,0.07,0.00,9.86,-0.00,0.00,-0.00,0.36,31.30,1005.60,46.30,-0.98
88,43762,0.05,0.02,9.87,-0.00,-0.00,0.03,0.33,31.30,1005.60,46.30,-0.98
89,44143,0.06,0.01,9.87,-0.00,-0.00,0.04,0.33,31.30,1005.60,46.30,-0.98
90,44523,0.07,-0.00,9.86,-0.00,-0.00,0.03,0.35,31.30,1005.60,46.30,-0.98
91,44909,0.06,0.01,9.88,-0.00,-0.00,0.04,0.36,31.30,1005.60,46.30,-0.98
92,45290,0.07,-0.00,9.87,-0.00,0.00,0.02,0.38,31.30,1005.60,46.30,-0.98
93,45671,0.09,-0.01,9.83,0.00,0.00,0.00,0.42,31.30,1005.60,46.30,-0.98
94,46051,0.08,-0.01,9.84,0.00,-0.00,-0.02,0.44,31.30,1005.60,46.30,-0.98
95,46439,0.05,0.00,9.85,-0.00,-0.00,-0.01,0.39,31.30,1005.60,46.40,-0.98
96,46825,0.05,0.00,9.83,-0.00,0.00,-0.01,0.36,31.30,1005.60,46.40,-0.98
97,47205,0.08,-0.02,9.85,-0.00,0.00,-0.05,0.40,31.30,1005.60,46.40,-0.98
98,47593,0.08,-0.00,9.86,0.00,-0.00,-0.04,0.43,31.30,1005.60,46.40,-0.98
99,47979,0.07,-0.01,9.85,-0.00,-0.00,-0.06,0.43,31.30,1005.60,46.40,-0.98
100,48365,0.06,0.02,9.83,0.00,-0.00,-0.01,0.40,31.30,1005.60,46.40,-0.98
101,48745,0.06,0.01,9.84,0.00,0.00,0.02,0.39,31.30,1005.60,46.40,-0.98
102,49127,0.06,-0.02,9.85,0.00,0.00,-0.02,0.37,31.30,1005.60,46.30,-0.98
103,49513,0.07,0.00,9.84,-0.00,0.00,-0.01,0.38,31.30,1005.60,46.30,-0.98
104,49899,0.08,-0.00,9.84,-0.00,0.00,-0.01,0.40,31.30,1005.60,46.30,-0.98
105,50285,0.07,-0.01,9.86,-0.00,-0.00,-0.02,0.40,31.30,1005.60,46.40,-0.98
106,50671,0.08,0.00,9.84,0.00,-0.00,-0.01,0.42,31.30,1005.60,46.30,-0.98
107,51057,0.07,0.00,9.85,-0.00,-0.00,-0.00,0.42,31.30,1005.60,46.30,-0.98
108,51443,0.07,0.02,9.84,0.00,-0.00,0.04,0.41,31.30,1005.60,46.30,-0.98
109,51825,0.07,-0.00,9.83,-0.00,-0.00,0.03,0.41,31.30,1005.60,46.40,-0.98
110,52211,0.06,0.01,9.85,-0.00,-0.00,0.05,0.39,31.30,1005.60,46.40,-0.98
111,52597,0.07,-0.01,9.84,-0.00,0.00,0.01,0.40,31.30,1005.60,46.40,-0.98
112,52983,0.06,0.01,9.84,-0.00,0.00,0.03,0.38,31.30,1005.60,46.40,-0.98
113,53363,0.05,0.01,9.84,-0.00,0.00,0.05,0.34,31.30,1005.60,46.40,-0.98
114,53744,0.06,-0.00,9.89,-0.00,-0.00,0.03,0.33,31.30,1005.60,46.40,-0.98
115,54130,0.05,0.01,9.84,-0.00,0.00,0.03,0.32,31.30,1005.60,46.40,-0.98
116,54513,0.08,0.00,9.85,-0.00,-0.00,0.03,0.35,31.30,1005.60,46.40,-0.98
117,54899,0.07,-0.00,9.88,-0.00,0.00,0.01,0.36,31.30,1005.60,46.40,-0.98
118,55285,0.05,0.02,9.90,0.00,-0.00,0.04,0.34,31.30,1005.60,46.40,-0.98
119,55666,0.07,0.00,9.86,0.00,-0.00,0.03,0.36,31.30,1005.60,46.40,-0.98
120,56047,0.08,-0.01,9.87,-0.00,-0.00,0.01,0.39,31.30,1005.60,46.50,-0.98
121,56433,0.08,-0.00,9.84,0.00,0.00,-0.00,0.42,31.30,1005.60,46.40,-0.98
122,56819,0.06,0.04,9.81,-0.00,0.00,0.08,0.41,31.30,1005.60,46.40,-0.98
123,57201,0.07,-0.00,9.88,0.00,0.00,0.05,0.41,31.30,1005.60,46.40,-0.98
124,57581,0.05,0.01,9.84,0.00,-0.00,0.05,0.37,31.30,1005.60,46.40,-0.98
125,57967,0.06,-0.00,9.87,0.00,0.00,0.03,0.36,31.30,1005.60,46.30,-0.98
126,58348,0.09,0.00,9.83,0.00,0.00,0.03,0.40,31.30,1005.60,46.30,-0.98
127,58728,0.06,0.01,9.81,0.00,0.00,0.04,0.39,31.30,1005.60,46.30,-0.98
128,59108,0.07,0.00,9.85,-0.00,0.00,0.03,0.40,31.30,1005.60,46.30,-0.98
129,59489,0.06,0.01,9.88,0.00,0.00,0.04,0.39,31.30,1005.60,46.30,-0.98
130,59871,0.07,-0.01,9.84,0.00,-0.00,0.02,0.39,31.30,1005.60,46.40,-0.98
131,60257,0.08,-0.00,9.87,0.00,-0.00,0.00,0.41,31.30,1005.60,46.40,-0.98
132,60642,0.08,-0.00,9.86,-0.00,-0.00,-0.01,0.42,31.30,1005.60,46.40,-0.98
133,61028,0.08,0.00,9.89,-0.00,0.00,-0.00,0.44,31.30,1005.60,46.40,-0.98
134,61414,0.06,-0.01,9.88,-0.00,-0.00,-0.03,0.42,31.30,1005.60,46.30,-0.98
135,61800,0.06,0.01,9.85,-0.00,0.00,-0.01,0.40,31.30,1005.60,46.30,-0.98
136,62185,0.05,0.00,9.88,-0.00,0.00,-0.01,0.37,31.30,1005.60,46.30,-0.98
137,62573,0.06,-0.01,9.83,0.00,-0.00,-0.02,0.35,31.30,1005.60,46.30,-0.98
138,62959,0.07,0.01,9.87,-0.00,0.00,-0.00,0.37,31.30,1005.60,46.30,-0.98
139,63345,0.08,0.01,9.85,-0.00,-0.00,0.02,0.39,31.30,1005.60,46.30,-0.98
140,63730,0.08,-0.01,9.87,-0.00,0.00,0.00,0.41,31.40,1005.60,46.30,-0.98
141,64116,0.07,0.01,9.83,0.00,-0.00,0.03,0.41,31.40,1005.60,46.30,-0.98
142,64497,0.06,0.01,9.85,0.00,-0.00,0.03,0.39,31.40,1005.60,46.30,-0.98
143,64878,0.08,0.00,9.90,-0.00,0.00,0.03,0.41,31.40,1005.60,46.30,-0.98
144,65260,0.07,0.00,9.86,0.00,-0.00,0.03,0.41,31.30,1005.60,46.30,-0.98
145,65641,0.08,0.00,9.85,-0.00,-0.00,0.02,0.44,31.30,1005.60,46.20,-0.98
146,66027,0.06,-0.01,9.84,-0.00,0.00,0.00,0.42,31.30,1005.60,46.20,-0.98
147,66413,0.06,0.00,9.85,0.00,-0.00,0.00,0.40,31.30,1005.60,46.20,-0.98
148,66793,0.07,-0.03,9.86,0.00,-0.00,-0.05,0.40,31.30,1005.60,46.30,-0.98
149,67179,0.05,-0.00,9.84,-0.00,-0.00,-0.05,0.37,31.40,1005.60,46.20,-0.98
150,67565,0.07,-0.01,9.86,0.00,-0.00,-0.05,0.38,31.30,1005.60,46.20,-0.98
151,67955,0.07,0.00,9.85,-0.00,-0.00,-0.03,0.39,31.30,1005.60,46.20,-0.98
152,68340,0.05,0.01,9.86,-0.00,-0.00,-0.01,0.36,31.30,1005.60,46.20,-0.98
153,68726,0.07,0.01,9.86,0.00,-0.00,0.01,0.37,31.30,1005.60,46.20,-0.98
154,69106,0.06,0.01,9.86,0.00,0.00,0.02,0.35,31.30,1005.60,46.20,-0.98
155,69486,0.06,0.00,9.87,-0.00,0.00,0.02,0.34,31.30,1005.60,46.20,-0.98
156,69866,0.06,-0.00,9.85,-0.00,-0.00,0.01,0.35,31.30,1005.60,46.20,-0.98
157,70252,0.06,0.00,9.83,-0.00,0.00,0.02,0.35,31.30,1005.60,46.20,-0.98
158,70634,0.06,-0.01,9.82,0.00,-0.00,-0.01,0.35,31.30,1005.60,46.20,-0.98
159,71020,0.09,0.01,9.86,-0.00,-0.00,0.00,0.41,31.30,1005.60,46.20,-0.98
160,71406,0.08,-0.00,9.83,-0.00,-0.00,-0.00,0.43,31.30,1005.60,46.20,-0.98
161,71792,0.06,0.01,9.83,-0.00,-0.00,0.01,0.40,31.30,1005.60,46.20,-0.98
162,72178,0.09,0.00,9.84,-0.00,-0.00,0.01,0.44,31.30,1005.60,46.20,-0.98
163,72564,0.05,0.01,9.87,-0.00,-0.00,0.03,0.40,31.30,1005.60,46.20,-0.98
164,72950,0.06,-0.00,9.86,-0.00,0.00,0.02,0.38,31.30,1005.60,46.20,-0.98
165,73338,0.06,-0.01,9.84,-0.00,-0.00,0.00,0.37,31.30,1005.60,46.10,-0.98
166,73724,0.09,0.00,9.87,0.00,0.00,0.00,0.42,31.30,1005.60,46.10,-0.98
167,74104,0.06,-0.00,9.85,0.00,-0.00,-0.00,0.40,31.30,1005.60,46.10,-0.98
168,74490,0.07,-0.01,9.84,-0.00,0.00,-0.02,0.40,31.40,1005.50,46.10,-0.15
169,74876,0.07,0.01,9.85,0.00,-0.00,0.01,0.40,31.40,1005.60,46.10,-0.98
170,75257,0.07,0.00,9.85,-0.00,-0.00,0.01,0.40,31.40,1005.60,46.00,-0.98
171,75643,0.05,0.02,9.84,-0.00,0.00,0.05,0.36,31.40,1005.60,46.00,-0.98
172,76025,0.05,-0.01,9.84,-0.00,0.00,0.01,0.34,31.40,1005.60,46.00,-0.98
173,76411,0.06,-0.02,9.84,-0.00,0.00,-0.02,0.34,31.40,1005.60,46.00,-0.98
174,76797,0.06,0.01,9.86,0.00,-0.00,0.00,0.34,31.40,1005.60,46.10,-0.98
175,77178,0.05,0.00,9.85,-0.00,-0.00,0.01,0.33,31.40,1005.60,46.10,-0.98
176,77564,0.06,-0.01,9.82,-0.00,-0.00,-0.02,0.32,31.40,1005.60,46.10,-0.98
177,77950,0.07,0.00,9.85,-0.00,-0.00,-0.01,0.34,31.40,1005.60,46.00,-0.98
178,78342,0.06,-0.00,9.85,-0.00,-0.00,-0.01,0.35,31.40,1005.50,46.00,-0.15
179,78728,0.06,-0.01,9.86,0.00,0.00,-0.03,0.35,31.40,1005.50,46.00,-0.15
180,79113,0.07,0.02,9.82,0.00,-0.00,0.01,0.37,31.40,1005.60,46.00,-0.98
181,79494,0.07,0.02,9.88,-0.00,-0.00,0.05,0.39,31.40,1005.60,46.00,-0.98
182,79880,0.04,0.01,9.84,0.00,0.00,0.06,0.35,31.40,1005.60,46.00,-0.98
183,80260,0.05,-0.00,9.86,-0.00,-0.00,0.04,0.33,31.40,1005.60,46.10,-0.98
184,80645,0.08,0.01,9.84,-0.00,-0.00,0.06,0.38,31.40,1005.50,46.00,-0.15
185,81033,0.09,-0.00,9.84,-0.00,0.00,0.04,0.42,31.40,1005.60,46.00,-0.98
186,81419,0.07,-0.01,9.85,-0.00,0.00,0.00,0.43,31.40,1005.60,46.00,-0.98
187,81805,0.08,0.01,9.84,-0.00,-0.00,0.01,0.45,31.40,1005.50,46.00,-0.15
188,82191,0.08,0.02,9.85,-0.00,-0.00,0.04,0.46,31.40,1005.60,46.00,-0.98
189,82577,0.08,0.01,9.85,0.00,-0.00,0.04,0.46,31.40,1005.50,46.00,-0.15
190,82957,0.08,-0.01,9.85,0.00,0.00,0.01,0.47,31.40,1005.60,46.00,-0.98
191,83338,0.04,-0.01,9.83,-0.00,-0.00,-0.01,0.41,31.40,1005.50,46.00,-0.15
192,83726,0.07,-0.01,9.86,0.00,0.00,-0.03,0.41,31.40,1005.60,46.10,-0.98
193,84112,0.07,0.00,9.86,-0.00,0.00,-0.02,0.40,31.40,1005.60,46.10,-0.98
194,84498,0.08,-0.01,9.84,-0.00,0.00,-0.03,0.41,31.40,1005.60,46.10,-0.98
195,84884,0.07,-0.01,9.84,0.00,-0.00,-0.04,0.41,31.40,1005.60,46.10,-0.98
196,85270,0.06,0.03,9.86,-0.00,0.00,0.02,0.38,31.40,1005.60,46.10,-0.98
197,85651,0.05,-0.01,9.85,-0.00,-0.00,-0.01,0.35,31.40,1005.50,46.10,-0.15
198,86037,0.07,0.01,9.86,-0.00,-0.00,0.01,0.37,31.40,1005.60,46.00,-0.98
199,86425,0.08,0.00,9.84,0.00,0.00,0.01,0.39,31.30,1005.60,46.00,-0.98
200,86805,0.06,-0.02,9.86,-0.00,0.00,-0.02,0.38,31.30,1005.60,46.10,-0.98
201,87191,0.07,-0.01,9.85,-0.00,0.00,-0.04,0.38,31.30,1005.50,46.10,-0.15
202,87577,0.06,-0.00,9.85,-0.00,-0.00,-0.04,0.37,31.30,1005.60,46.10,-0.98
203,87963,0.08,-0.01,9.84,0.00,0.00,-0.04,0.40,31.30,1005.60,46.10,-0.98
204,88348,0.06,0.01,9.83,-0.00,-0.00,-0.01,0.38,31.30,1005.50,46.10,-0.15
205,88736,0.06,0.00,9.85,-0.00,0.00,0.00,0.36,31.30,1005.60,46.00,-0.98
206,89118,0.05,0.00,9.84,-0.00,0.00,0.01,0.34,31.30,1005.60,46.00,-0.98
207,89499,0.05,0.00,9.84,0.00,-0.00,0.01,0.32,31.30,1005.60,45.90,-0.98
208,89879,0.06,-0.02,9.83,-0.00,-0.00,-0.02,0.32,31.30,1005.60,45.90,-0.98
209,90265,0.07,-0.01,9.84,-0.00,-0.00,-0.04,0.35,31.30,1005.50,46.00,-0.15
210,90651,0.06,0.01,9.86,-0.00,0.00,-0.01,0.35,31.30,1005.60,46.00,-0.98
211,91037,0.07,0.01,9.87,0.00,0.00,0.01,0.37,31.30,1005.60,46.10,-0.98
212,91417,0.05,0.00,9.89,-0.00,-0.00,0.01,0.35,31.30,1005.60,46.10,-0.98
213,91804,0.08,-0.02,9.85,-0.00,0.00,-0.03,0.38,31.30,1005.60,46.10,-0.98
214,92190,0.07,-0.01,9.85,-0.00,-0.00,-0.04,0.39,31.30,1005.60,46.10,-0.98
215,92576,0.04,-0.02,9.85,-0.00,-0.00,-0.06,0.35,31.30,1005.60,46.10,-0.98
216,92962,0.07,0.01,9.85,0.00,0.00,-0.03,0.37,31.30,1005.60,46.10,-0.98
217,93342,0.10,-0.01,9.86,-0.00,-0.00,-0.05,0.43,31.30,1005.50,46.20,-0.15
218,93728,0.06,-0.00,9.84,-0.00,0.00,-0.04,0.42,31.30,1005.60,46.20,-0.98
219,94114,0.06,0.01,9.85,0.00,0.00,-0.01,0.40,31.30,1005.60,46.10,-0.98
220,94496,0.09,-0.01,9.83,0.00,-0.00,-0.02,0.43,31.30,1005.60,46.10,-0.98
221,94882,0.07,-0.01,9.86,-0.00,0.00,-0.03,0.42,31.30,1005.60,46.10,-0.98
222,95268,0.06,-0.01,9.81,-0.00,-0.00,-0.03,0.41,31.30,1005.50,46.00,-0.15
223,95654,0.05,0.01,9.87,-0.00,-0.00,-0.01,0.37,31.30,1005.60,46.00,-0.98
224,96040,0.07,0.00,9.86,-0.00,0.00,0.00,0.37,31.30,1005.60,46.00,-0.98
225,96421,0.09,0.01,9.85,-0.00,0.00,0.02,0.41,31.30,1005.50,46.00,-0.15
226,96802,0.06,-0.00,9.86,0.00,0.00,0.01,0.40,31.30,1005.60,46.00,-0.98
227,97194,0.08,-0.00,9.87,-0.00,-0.00,0.01,0.42,31.30,1005.60,46.00,-0.98
228,97582,0.05,-0.01,9.86,-0.00,-0.00,-0.02,0.38,31.30,1005.60,46.00,-0.98
229,97970,0.07,-0.00,9.84,-0.00,-0.00,-0.02,0.38,31.30,1005.60,46.00,-0.98
230,98358,0.07,0.03,9.85,0.00,-0.00,0.04,0.38,31.30,1005.60,46.00,-0.98
231,98747,0.08,-0.00,9.87,0.00,-0.00,0.03,0.40,31.30,1005.60,46.10,-0.98
232,99136,0.04,0.00,9.86,0.00,0.00,0.03,0.35,31.30,1005.60,46.10,-0.98
233,99519,0.07,0.01,9.85,-0.00,0.00,0.03,0.36,31.30,1005.60,46.10,-0.98
234,99904,0.07,-0.00,9.85,-0.00,-0.00,0.02,0.38,31.30,1005.60,46.00,-0.98
235,100293,0.08,-0.01,9.84,-0.00,0.00,0.00,0.40,31.30,1005.60,46.00,-0.98
236,100681,0.07,-0.03,9.86,0.00,0.00,-0.05,0.41,31.30,1005.60,46.00,-0.98
237,101069,0.08,0.01,9.82,-0.00,-0.00,-0.03,0.42,31.30,1005.60,46.00,-0.98
238,101458,0.08,-0.01,9.84,-0.00,-0.00,-0.05,0.44,31.30,1005.60,46.00,-0.98
239,101846,0.07,0.00,9.84,-0.00,-0.00,-0.03,0.44,31.30,1005.60,46.00,-0.98
240,102236,0.07,-0.01,9.82,-0.00,0.00,-0.04,0.43,31.30,1005.50,46.00,-0.15
241,102624,0.08,-0.00,9.86,-0.00,-0.00,-0.03,0.44,31.30,1005.50,46.00,-0.15
242,103012,0.08,0.02,9.86,-0.00,0.00,0.01,0.46,31.30,1005.50,46.00,-0.15
243,103400,0.08,0.01,9.86,-0.00,-0.00,0.03,0.46,31.30,1005.50,46.00,-0.15
244,103788,0.06,-0.03,9.87,-0.00,0.00,-0.03,0.43,31.30,1005.50,46.00,-0.15
245,104176,0.08,0.01,9.85,-0.00,0.00,-0.01,0.43,31.30,1005.60,46.00,-0.98
246,104564,0.09,-0.00,9.84,-0.00,0.00,-0.01,0.46,31.30,1005.50,46.00,-0.15
247,104955,0.07,-0.00,9.84,-0.00,-0.00,-0.01,0.44,31.30,1005.50,46.00,-0.15
248,105343,0.06,-0.00,9.86,-0.00,-0.00,-0.01,0.40,31.30,1005.50,46.00,-0.15
249,105731,0.05,0.01,9.85,0.00,-0.00,0.00,0.37,31.30,1005.60,46.00,-0.98
250,106119,0.06,0.02,9.84,-0.00,0.00,0.04,0.35,31.30,1005.50,46.00,-0.15
251,106507,0.07,0.01,9.84,-0.00,-0.00,0.05,0.35,31.30,1005.50,46.00,-0.15
252,106895,0.07,0.00,9.84,-0.00,0.00,0.05,0.36,31.30,1005.60,46.00,-0.98
253,107283,0.07,0.01,9.86,0.00,0.00,0.06,0.37,31.30,1005.50,46.00,-0.15
254,107669,0.08,-0.01,9.84,-0.00,0.00,0.03,0.41,31.30,1005.60,45.90,-0.98
255,108057,0.08,0.02,9.86,-0.00,0.00,0.05,0.43,31.30,1005.60,45.90,-0.98
256,108445,0.08,-0.01,9.84,-0.00,-0.00,0.02,0.44,31.30,1005.50,45.90,-0.15
257,108838,0.07,-0.01,9.85,-0.00,-0.00,-0.01,0.44,31.30,1005.50,45.90,-0.15
258,109228,0.06,0.00,9.86,0.00,0.00,-0.00,0.42,31.30,1005.60,45.90,-0.98
259,109616,0.07,-0.01,9.86,-0.00,0.00,-0.02,0.41,31.30,1005.50,45.90,-0.15
260,110005,0.06,-0.00,9.88,-0.00,0.00,-0.02,0.38,31.30,1005.60,46.00,-0.98
261,110396,0.05,0.01,9.88,0.00,0.00,0.00,0.35,31.30,1005.50,46.00,-0.15
262,110779,0.06,-0.00,9.84,-0.00,0.00,-0.00,0.35,31.30,1005.50,46.00,-0.15
263,111167,0.07,0.00,9.86,0.00,0.00,0.00,0.37,31.30,1005.60,46.00,-0.98
264,111550,0.07,0.00,9.86,0.00,-0.00,0.01,0.37,31.30,1005.50,46.00,-0.15
265,111938,0.06,-0.00,9.87,-0.00,-0.00,-0.00,0.37,31.30,1005.60,46.00,-0.98
266,112326,0.06,0.01,9.87,-0.00,-0.00,0.02,0.35,31.30,1005.60,45.90,-0.98
267,112714,0.07,0.02,9.84,-0.00,-0.00,0.05,0.37,31.30,1005.60,45.90,-0.98
268,113104,0.06,-0.01,9.87,0.00,-0.00,0.02,0.36,31.30,1005.50,45.90,-0.15
269,113492,0.07,-0.01,9.85,0.00,-0.00,0.00,0.37,31.30,1005.50,45.90,-0.15
270,113880,0.05,-0.02,9.88,-0.00,0.00,-0.03,0.35,31.30,1005.50,45.90,-0.15
271,114268,0.07,0.01,9.87,-0.00,-0.00,-0.01,0.36,31.30,1005.60,46.00,-0.98
272,114656,0.06,-0.00,9.84,-0.00,-0.00,-0.02,0.36,31.30,1005.50,46.00,-0.15
273,115044,0.07,-0.01,9.84,0.00,0.00,-0.03,0.38,31.30,1005.60,46.00,-0.98
274,115434,0.05,0.02,9.86,0.00,-0.00,0.01,0.36,31.30,1005.50,46.00,-0.15
275,115822,0.06,0.00,9.84,-0.00,-0.00,0.01,0.36,31.30,1005.50,46.10,-0.15
276,116210,0.08,0.01,9.89,-0.00,-0.00,0.03,0.39,31.30,1005.60,46.00,-0.98
277,116599,0.06,0.01,9.88,-0.00,0.00,0.04,0.38,31.30,1005.60,46.00,-0.98
278,116987,0.05,0.02,9.87,-0.00,-0.00,0.07,0.35,31.30,1005.60,46.00,-0.98
279,117375,0.07,0.03,9.84,0.00,0.00,0.11,0.36,31.30,1005.50,46.00,-0.15
280,117758,0.06,-0.01,9.89,0.00,-0.00,0.07,0.35,31.30,1005.50,46.00,-0.15
281,118148,0.06,0.01,9.86,-0.00,-0.00,0.06,0.35,31.30,1005.50,46.00,-0.15
282,118536,0.08,0.01,9.84,-0.00,-0.00,0.06,0.39,31.30,1005.50,46.00,-0.15
283,118924,0.07,-0.01,9.83,-0.00,0.00,0.03,0.41,31.30,1005.50,46.00,-0.15
284,119317,0.06,0.01,9.84,-0.00,0.00,0.04,0.40,31.30,1005.50,46.00,-0.15
285,119706,0.08,-0.01,9.84,0.00,0.00,0.01,0.43,31.30,1005.60,46.00,-0.98
286,120094,0.09,0.01,9.87,-0.00,-0.00,0.02,0.46,31.30,1005.60,46.00,-0.98
287,120482,0.05,0.00,9.83,-0.00,-0.00,0.01,0.41,31.30,1005.50,46.00,-0.15
288,120872,0.06,-0.02,9.87,-0.00,-0.00,-0.04,0.40,31.30,1005.50,46.10,-0.15
289,121260,0.06,-0.01,9.85,0.00,0.00,-0.05,0.38,31.30,1005.50,46.10,-0.15
290,121648,0.06,0.01,9.84,-0.00,0.00,-0.03,0.36,31.30,1005.50,46.10,-0.15
291,122037,0.07,0.03,9.88,-0.00,-0.00,0.03,0.37,31.30,1005.60,46.10,-0.98
292,122425,0.07,-0.02,9.88,0.00,-0.00,-0.01,0.38,31.30,1005.50,46.10,-0.15
293,122813,0.06,0.00,9.84,0.00,0.00,-0.00,0.37,31.30,1005.50,46.10,-0.15
294,123201,0.09,-0.02,9.85,-0.00,-0.00,-0.04,0.41,31.30,1005.50,46.10,-0.15
295,123592,0.08,-0.01,9.85,0.00,0.00,-0.04,0.43,31.30,1005.50,46.10,-0.15
296,123980,0.06,-0.02,9.86,-0.00,0.00,-0.07,0.40,31.30,1005.60,46.00,-0.98
297,124368,0.06,0.00,9.84,-0.00,-0.00,-0.05,0.39,31.30,1005.50,46.10,-0.15
298,124756,0.05,-0.01,9.86,-0.00,-0.00,-0.06,0.35,31.30,1005.50,46.10,-0.15
299,125145,0.08,-0.02,9.83,-0.00,0.00,-0.08,0.38,31.30,1005.50,46.10,-0.15
300,125533,0.06,0.01,9.87,-0.00,0.00,-0.04,0.36,31.30,1005.50,46.10,-0.15
301,125921,0.06,0.00,9.84,-0.00,0.00,-0.02,0.35,31.30,1005.50,46.10,-0.15
302,126311,0.07,-0.02,9.89,-0.00,-0.00,-0.05,0.36,31.30,1005.50,46.10,-0.15
303,126699,0.08,0.00,9.85,-0.00,-0.00,-0.03,0.40,31.30,1005.50,46.20,-0.15
304,127087,0.07,-0.00,9.88,-0.00,-0.00,-0.02,0.40,31.30,1005.50,46.10,-0.15
305,127475,0.05,-0.01,9.88,-0.00,0.00,-0.03,0.36,31.20,1005.60,46.10,-0.98
306,127864,0.06,-0.01,9.85,-0.00,-0.00,-0.04,0.36,31.20,1005.50,46.10,-0.15
307,128252,0.07,0.01,9.86,-0.00,-0.00,-0.00,0.37,31.20,1005.50,46.10,-0.15
308,128642,0.07,0.02,9.84,-0.00,-0.00,0.03,0.38,31.20,1005.50,46.10,-0.15
309,129030,0.07,0.01,9.88,-0.00,-0.00,0.04,0.39,31.20,1005.50,46.10,-0.15
310,129419,0.06,-0.00,9.86,-0.00,-0.00,0.03,0.37,31.20,1005.50,46.10,-0.15
311,129811,0.06,-0.02,9.85,-0.00,-0.00,-0.02,0.36,31.20,1005.50,46.10,-0.15
312,130200,0.07,0.00,9.86,-0.00,0.00,-0.01,0.37,31.20,1005.60,46.10,-0.98
313,130588,0.08,0.01,9.85,-0.00,-0.00,0.01,0.40,31.20,1005.60,46.10,-0.98
314,130976,0.05,-0.00,9.89,0.00,-0.00,0.00,0.37,31.20,1005.60,46.10,-0.98
315,131366,0.08,-0.01,9.85,-0.00,0.00,-0.01,0.40,31.20,1005.50,46.10,-0.15
316,131754,0.07,0.01,9.88,-0.00,-0.00,0.00,0.41,31.20,1005.50,46.10,-0.15
317,132142,0.07,-0.01,9.86,-0.00,-0.00,-0.01,0.40,31.20,1005.50,46.10,-0.15
318,132530,0.07,0.02,9.85,-0.00,-0.00,0.02,0.40,31.20,1005.50,46.10,-0.15
319,132918,0.05,0.01,9.87,-0.00,0.00,0.04,0.36,31.20,1005.50,46.10,-0.15
320,133306,0.06,-0.01,9.84,-0.00,-0.00,0.02,0.36,31.20,1005.60,46.10,-0.98
321,133694,0.06,0.01,9.88,-0.00,0.00,0.03,0.36,31.20,1005.50,46.10,-0.15
322,134084,0.05,-0.00,9.86,0.00,0.00,0.02,0.34,31.20,1005.50,46.10,-0.15
323,134473,0.06,-0.02,9.87,-0.00,-0.00,-0.02,0.33,31.20,1005.50,46.10,-0.15
324,134861,0.05,-0.01,9.89,-0.00,-0.00,-0.03,0.32,31.20,1005.50,46.10,-0.15
325,135249,0.06,0.01,9.83,-0.00,-0.00,-0.01,0.32,31.20,1005.60,46.10,-0.98
326,135637,0.06,0.00,9.89,-0.00,-0.00,-0.01,0.33,31.20,1005.60,46.10,-0.98
327,136025,0.07,-0.00,9.89,0.00,0.00,-0.01,0.35,31.20,1005.50,46.00,-0.15
328,136413,0.06,-0.01,9.85,0.00,-0.00,-0.02,0.34,31.20,1005.50,46.00,-0.15
329,136803,0.05,0.01,9.84,-0.00,-0.00,-0.00,0.32,31.20,1005.50,46.00,-0.15
330,137191,0.05,0.01,9.83,-0.00,-0.00,0.01,0.31,31.20,1005.50,46.00,-0.15
331,137579,0.08,-0.00,9.86,0.00,-0.00,0.01,0.35,31.20,1005.50,46.10,-0.15
332,137967,0.06,-0.01,9.84,-0.00,0.00,-0.01,0.36,31.20,1005.60,46.10,-0.98
333,138355,0.08,-0.00,9.85,-0.00,0.00,-0.01,0.39,31.20,1005.50,46.10,-0.15
334,138743,0.06,-0.02,9.87,-0.00,0.00,-0.04,0.39,31.20,1005.50,46.20,-0.15
335,139131,0.08,-0.01,9.81,-0.00,-0.00,-0.05,0.41,31.20,1005.50,46.20,-0.15
336,139518,0.08,0.01,9.84,-0.00,-0.00,-0.02,0.43,31.20,1005.50,46.20,-0.15
337,139906,0.08,-0.01,9.88,-0.00,0.00,-0.03,0.45,31.20,1005.50,46.20,-0.15
338,140299,0.06,-0.00,9.84,-0.00,-0.00,-0.03,0.42,31.20,1005.50,46.30,-0.15
339,140688,0.07,-0.00,9.81,-0.00,-0.00,-0.02,0.42,31.20,1005.50,46.30,-0.15
340,141077,0.06,-0.02,9.84,-0.00,-0.00,-0.05,0.41,31.20,1005.50,46.30,-0.15
341,141465,0.08,0.01,9.85,-0.00,0.00,-0.02,0.42,31.20,1005.50,46.30,-0.15
342,141855,0.07,0.02,9.86,-0.00,-0.00,0.03,0.42,31.20,1005.50,46.30,-0.15
343,142243,0.05,-0.02,9.83,0.00,0.00,-0.01,0.39,31.20,1005.50,46.30,-0.15
344,142631,0.08,0.00,9.87,-0.00,0.00,0.00,0.40,31.20,1005.50,46.30,-0.15
345,143019,0.08,0.00,9.87,0.00,0.00,0.01,0.43,31.20,1005.50,46.30,-0.15
346,143402,0.08,0.03,9.87,-0.00,0.00,0.06,0.43,31.20,1005.50,46.30,-0.15
347,143790,0.07,0.03,9.88,-0.00,-0.00,0.11,0.43,31.20,1005.50,46.30,-0.15
348,144178,0.07,0.00,9.86,-0.00,0.00,0.09,0.42,31.20,1005.50,46.30,-0.15
349,144568,0.08,-0.00,9.88,-0.00,-0.00,0.06,0.43,31.20,1005.50,46.30,-0.15
350,144956,0.09,0.01,9.85,-0.00,-0.00,0.06,0.45,31.20,1005.50,46.30,-0.15
351,145345,0.05,-0.01,9.84,0.00,-0.00,0.03,0.41,31.20,1005.50,46.30,-0.15
352,145733,0.06,0.01,9.88,-0.00,-0.00,0.04,0.39,31.20,1005.50,46.30,-0.15
353,146121,0.05,-0.01,9.88,-0.00,-0.00,0.01,0.35,31.20,1005.50,46.30,-0.15
354,146509,0.06,0.02,9.87,-0.00,0.00,0.05,0.34,31.20,1005.60,46.30,-0.98
355,146897,0.07,0.02,9.85,-0.00,0.00,0.07,0.36,31.20,1005.50,46.30,-0.15
356,147287,0.07,0.02,9.85,-0.00,-0.00,0.09,0.37,31.20,1005.50,46.30,-0.15
357,147675,0.06,-0.00,9.86,-0.00,-0.00,0.06,0.37,31.20,1005.50,46.30,-0.15
358,148063,0.05,0.01,9.86,-0.00,-0.00,0.06,0.34,31.20,1005.50,46.30,-0.15
359,148452,0.07,-0.03,9.86,-0.00,0.00,-0.01,0.36,31.20,1005.50,46.40,-0.15
360,148840,0.07,-0.02,9.84,-0.00,-0.00,-0.06,0.37,31.30,1005.50,46.40,-0.15
361,149228,0.07,-0.01,9.84,-0.00,0.00,-0.06,0.38,31.30,1005.50,46.40,-0.15
362,149616,0.07,-0.01,9.86,-0.00,0.00,-0.07,0.38,31.30,1005.50,46.30,-0.15
363,150007,0.06,0.00,9.84,-0.00,-0.00,-0.05,0.37,31.30,1005.50,46.30,-0.15
364,150395,0.07,0.01,9.84,-0.00,-0.00,-0.02,0.37,31.30,1005.50,46.40,-0.15
365,150787,0.04,0.01,9.86,-0.00,-0.00,0.01,0.32,31.30,1005.60,46.40,-0.98
366,151178,0.06,0.01,9.86,-0.00,0.00,0.02,0.33,31.30,1005.50,46.40,-0.15
367,151568,0.07,0.00,9.88,0.00,-0.00,0.02,0.36,31.30,1005.50,46.30,-0.15
368,151957,0.06,0.01,9.86,-0.00,0.00,0.03,0.35,31.30,1005.50,46.30,-0.15
369,152345,0.07,0.01,9.87,-0.00,0.00,0.05,0.37,31.30,1005.50,46.30,-0.15
370,152732,0.06,-0.01,9.86,-0.00,-0.00,0.02,0.37,31.30,1005.50,46.30,-0.15
371,153120,0.06,0.01,9.84,0.00,-0.00,0.04,0.37,31.30,1005.60,46.30,-0.98
372,153508,0.04,0.01,9.86,0.00,0.00,0.04,0.33,31.30,1005.50,46.30,-0.15
373,153891,0.07,-0.01,9.87,-0.00,-0.00,0.01,0.36,31.30,1005.50,46.30,-0.15
374,154279,0.08,-0.01,9.90,-0.00,-0.00,-0.02,0.38,31.30,1005.50,46.30,-0.15
375,154667,0.09,0.02,9.84,-0.00,-0.00,0.01,0.43,31.30,1005.50,46.30,-0.15
376,155057,0.08,0.00,9.86,-0.00,-0.00,0.01,0.45,31.30,1005.50,46.30,-0.15
377,155445,0.08,0.00,9.86,-0.00,-0.00,0.01,0.47,31.30,1005.50,46.30,-0.15
378,155833,0.06,0.00,9.85,0.00,-0.00,0.01,0.44,31.30,1005.50,46.30,-0.15
379,156221,0.07,-0.01,9.86,-0.00,0.00,-0.01,0.44,31.30,1005.50,46.30,-0.15
380,156609,0.06,0.00,9.85,-0.00,-0.00,-0.01,0.41,31.30,1005.50,46.30,-0.15
381,156997,0.07,0.00,9.83,0.00,-0.00,-0.00,0.40,31.30,1005.50,46.20,-0.15
382,157385,0.07,0.02,9.89,-0.00,-0.00,0.03,0.40,31.30,1005.60,46.20,-0.98
383,157775,0.06,0.00,9.82,-0.00,-0.00,0.03,0.38,31.30,1005.50,46.20,-0.15
384,158163,0.06,-0.00,9.86,-0.00,-0.00,0.02,0.37,31.30,1005.50,46.20,-0.15
385,158552,0.05,-0.00,9.87,-0.00,0.00,0.01,0.34,31.30,1005.50,46.20,-0.15
386,158941,0.07,0.01,9.83,-0.00,-0.00,0.03,0.35,31.30,1005.50,46.20,-0.15
387,159329,0.07,0.01,9.84,-0.00,0.00,0.03,0.37,31.30,1005.60,46.20,-0.98
388,159717,0.07,-0.01,9.88,-0.00,0.00,0.01,0.38,31.30,1005.50,46.20,-0.15
389,160106,0.05,0.02,9.85,-0.00,-0.00,0.05,0.35,31.30,1005.60,46.20,-0.98
390,160496,0.07,-0.00,9.84,-0.00,-0.00,0.03,0.37,31.30,1005.50,46.20,-0.15
391,160885,0.05,-0.01,9.89,0.00,-0.00,-0.00,0.35,31.30,1005.50,46.20,-0.15
392,161278,0.06,0.02,9.86,0.00,-0.00,0.03,0.35,31.30,1005.50,46.20,-0.15
393,161667,0.08,-0.02,9.85,0.00,-0.00,-0.01,0.39,31.30,1005.50,46.10,-0.15
394,162055,0.07,-0.00,9.87,-0.00,-0.00,-0.02,0.39,31.30,1005.50,46.10,-0.15
395,162443,0.07,0.01,9.85,0.00,-0.00,-0.00,0.39,31.30,1005.50,46.10,-0.15
396,162831,0.06,0.01,9.86,-0.00,-0.00,0.01,0.39,31.30,1005.50,46.10,-0.15
397,163221,0.08,-0.03,9.85,-0.00,-0.00,-0.04,0.41,31.30,1005.50,46.10,-0.15
398,163609,0.10,0.00,9.86,-0.00,-0.00,-0.03,0.46,31.30,1005.50,46.10,-0.15
399,163997,0.05,-0.01,9.84,-0.00,0.00,-0.05,0.41,31.30,1005.50,46.10,-0.15
400,164385,0.08,-0.01,9.86,-0.00,-0.00,-0.05,0.43,31.30,1005.60,46.10,-0.98
401,164773,0.06,0.00,9.81,-0.00,-0.00,-0.03,0.41,31.30,1005.50,46.10,-0.15
402,165161,0.04,0.01,9.86,-0.00,-0.00,-0.01,0.36,31.30,1005.50,46.10,-0.15
403,165551,0.07,0.03,9.85,-0.00,-0.00,0.05,0.37,31.30,1005.50,46.10,-0.15
404,165939,0.07,0.00,9.86,0.00,0.00,0.04,0.39,31.30,1005.50,46.10,-0.15
405,166322,0.07,0.02,9.85,-0.00,0.00,0.07,0.39,31.30,1005.50,46.10,-0.15
406,166710,0.05,0.00,9.87,0.00,-0.00,0.06,0.36,31.30,1005.50,46.10,-0.15
407,167098,0.05,-0.01,9.85,-0.00,-0.00,0.02,0.34,31.30,1005.50,46.10,-0.15
408,167487,0.06,-0.00,9.87,0.00,0.00,0.01,0.34,31.30,1005.50,46.10,-0.15
409,167875,0.05,0.00,9.85,-0.00,0.00,0.01,0.32,31.30,1005.50,46.10,-0.15
410,168266,0.08,-0.00,9.85,-0.00,-0.00,-0.00,0.36,31.30,1005.50,46.10,-0.15
411,168654,0.07,0.02,9.84,-0.00,0.00,0.04,0.38,31.30,1005.50,46.00,-0.15
412,169042,0.08,-0.01,9.85,-0.00,0.00,0.01,0.40,31.30,1005.50,46.00,-0.15
413,169430,0.07,-0.01,9.85,0.00,0.00,-0.01,0.41,31.30,1005.50,46.00,-0.15
414,169818,0.07,-0.00,9.83,-0.00,0.00,-0.02,0.41,31.30,1005.50,46.10,-0.15
415,170207,0.08,-0.02,9.84,-0.00,-0.00,-0.06,0.43,31.30,1005.50,46.10,-0.15
416,170595,0.08,-0.02,9.87,-0.00,-0.00,-0.09,0.45,31.30,1005.50,46.10,-0.15
417,170985,0.06,-0.01,9.87,-0.00,-0.00,-0.09,0.42,31.30,1005.50,46.10,-0.15
418,171373,0.09,-0.01,9.87,0.00,-0.00,-0.08,0.45,31.30,1005.50,46.10,-0.15
419,171766,0.06,0.01,9.84,-0.00,-0.00,-0.05,0.42,31.30,1005.50,46.10,-0.15
420,172155,0.07,0.00,9.84,-0.00,-0.00,-0.03,0.41,31.30,1005.50,46.10,-0.15
421,172543,0.07,-0.01,9.87,-0.00,-0.00,-0.03,0.41,31.30,1005.50,46.10,-0.15
422,172931,0.07,-0.01,9.86,-0.00,0.00,-0.03,0.41,31.30,1005.50,46.10,-0.15
423,173320,0.06,0.01,9.88,-0.00,0.00,0.00,0.39,31.30,1005.50,46.10,-0.15
424,173710,0.07,-0.02,9.85,-0.00,0.00,-0.03,0.40,31.30,1005.50,46.10,-0.15
425,174098,0.06,0.00,9.90,-0.00,-0.00,-0.01,0.38,31.30,1005.50,46.10,-0.15
426,174486,0.08,-0.01,9.84,-0.00,0.00,-0.02,0.41,31.30,1005.50,46.10,-0.15
427,174874,0.06,0.00,9.86,0.00,-0.00,-0.01,0.39,31.30,1005.50,46.10,-0.15
428,175262,0.06,-0.02,9.85,-0.00,-0.00,-0.04,0.37,31.30,1005.50,46.10,-0.15
429,175650,0.10,-0.00,9.86,-0.00,0.00,-0.03,0.44,31.30,1005.50,46.10,-0.15
430,176038,0.11,-0.02,9.86,-0.00,0.00,-0.06,0.51,31.30,1005.50,46.10,-0.15
431,176428,0.14,-0.01,9.80,-0.00,-0.00,-0.07,0.63,31.30,1005.50,46.10,-0.15
432,176816,0.07,-0.01,9.86,0.00,0.00,-0.07,0.59,31.30,1005.50,46.10,-0.15
433,177204,0.09,-0.00,9.85,-0.00,-0.00,-0.06,0.57,31.30,1005.50,46.10,-0.15
434,177592,0.09,0.01,9.84,0.00,-0.00,-0.02,0.56,31.30,1005.50,46.10,-0.15
435,177981,0.07,0.00,9.87,-0.00,-0.00,-0.00,0.51,31.30,1005.50,46.20,-0.15
436,178369,0.07,-0.00,9.87,-0.00,-0.00,-0.00,0.48,31.30,1005.50,46.20,-0.15
437,178759,0.06,0.00,9.86,-0.00,-0.00,0.01,0.44,31.30,1005.50,46.20,-0.15
438,179147,0.08,0.01,9.86,-0.00,-0.00,0.03,0.43,31.40,1005.50,46.30,-0.15
439,179535,0.07,-0.00,9.86,-0.00,-0.00,0.02,0.42,31.40,1005.50,46.30,-0.15
440,179923,0.06,0.01,9.87,-0.00,-0.00,0.03,0.39,31.40,1005.50,46.20,-0.15
441,180311,0.06,0.00,9.89,-0.00,-0.00,0.03,0.37,31.40,1005.50,46.20,-0.15
442,180699,0.07,0.01,9.84,0.00,-0.00,0.04,0.37,31.40,1005.50,46.20,-0.15
443,181087,1.41,0.84,10.49,-0.37,0.41,1.46,2.91,31.40,1005.50,46.20,-0.15
444,181488,-1.57,-2.17,7.24,-0.25,0.58,-4.54,-1.75,31.40,1005.50,46.30,-0.15
445,181881,0.02,-1.03,9.22,1.57,0.42,-5.33,-1.38,31.40,1005.50,46.50,-0.15
446,182270,-0.52,2.66,12.18,-0.08,-0.98,-0.04,-2.26,31.40,1005.50,46.60,-0.15
447,182663,-1.62,4.93,9.37,0.38,-0.05,9.58,-5.11,31.40,1005.50,46.40,-0.15
448,183051,-0.75,2.40,6.53,0.27,-0.76,14.49,-6.36,31.40,1005.50,46.40,-0.15
449,183439,-1.36,5.10,9.17,-0.66,-0.29,20.85,-7.73,31.40,1005.50,46.70,-0.15
450,183833,-1.84,3.98,8.00,0.37,0.19,25.02,-10.09,31.40,1005.50,46.60,-0.15
451,184223,-3.09,4.82,9.75,0.09,-0.14,27.72,-13.46,31.40,1005.50,46.50,-0.15
452,184616,-2.79,3.65,7.11,-0.61,0.51,29.55,-17.10,31.40,1005.50,46.70,-0.15
453,185009,-2.03,8.67,8.88,1.49,-0.21,36.95,-17.10,31.40,1005.50,47.30,-0.15
454,185403,-2.13,7.59,5.99,-0.50,1.42,44.30,-18.67,31.40,1005.50,47.70,-0.15
455,185797,-3.11,6.60,8.54,-1.33,1.49,44.69,-19.89,31.40,1005.50,47.60,-0.15
456,186191,-4.95,4.21,8.13,-2.01,0.67,40.84,-24.76,31.40,1005.50,47.90,-0.15
457,186587,-4.92,3.47,8.46,0.60,0.39,36.39,-28.08,31.40,1005.40,47.60,0.69
458,186975,-3.86,3.75,4.34,0.17,0.77,38.69,-34.15,31.40,1005.50,47.30,-0.15
459,187364,-7.39,5.44,9.62,0.01,0.30,36.49,-37.39,31.40,1005.50,47.10,-0.15
460,187752,-7.31,5.12,2.30,-0.62,-1.80,46.64,-51.84,31.40,1005.50,46.90,-0.15
461,188146,-6.26,5.15,14.96,-0.26,1.13,38.94,-45.25,31.40,1005.50,46.70,-0.15
462,188605,-5.29,0.60,-4.18,-0.12,3.91,86.22,-75.73,31.40,1005.50,46.80,-0.15
463,188999,-7.22,0.29,-7.28,-1.39,-4.37,123.63,-103.00,31.40,1005.50,47.00,-0.15
464,189400,-20.93,9.80,34.88,0.00,-2.64,96.25,-86.68,31.40,1005.50,47.10,-0.15
465,189859,-18.84,9.54,43.84,0.58,1.31,71.58,-68.36,31.40,1005.50,47.00,-0.15
466,190318,-14.77,3.53,21.76,1.99,3.90,50.05,-56.00,31.40,1005.40,47.00,0.69
467,190711,-6.01,0.49,-8.03,1.09,2.29,92.46,-85.60,31.40,1005.40,47.00,0.69
468,191099,-0.29,-1.25,-16.13,-0.42,-2.51,3.36,-121.59,31.40,1005.50,47.10,-0.15
469,191498,-16.59,4.45,8.43,-2.08,-4.31,2.82,-109.78,31.40,1005.50,47.20,-0.15
470,191894,-17.49,5.77,45.68,-1.03,0.51,-2.68,-83.44,31.40,1005.50,47.10,-0.15
471,192344,-15.39,2.99,17.43,0.37,3.93,-4.99,-67.53,31.40,1005.50,47.10,-0.15
472,192738,-5.73,1.40,4.10,-0.79,-0.21,-1.98,-61.35,31.40,1005.50,47.00,-0.15
473,193131,-7.82,-1.55,5.14,0.85,-0.14,-10.54,-57.64,31.40,1005.50,47.00,-0.15
474,193524,-8.35,0.55,5.10,-0.11,0.07,-9.01,-55.71,31.40,1005.50,47.10,-0.15
475,193917,-8.24,0.47,6.40,0.01,0.17,-7.69,-52.42,31.40,1005.50,46.90,-0.15
476,194305,-8.20,0.14,5.64,0.18,-0.50,-6.94,-51.54,31.40,1005.50,46.80,-0.15
477,194700,-7.38,-0.60,6.15,0.25,0.15,-8.30,-49.24,31.40,1005.50,46.90,-0.15
478,195093,-5.67,1.22,8.93,-0.97,-1.18,-4.81,-42.12,31.40,1005.50,46.90,-0.15
479,195486,-1.47,2.04,10.60,0.26,-1.14,-0.33,-28.49,31.40,1005.50,46.90,-0.15
480,195879,3.18,4.20,6.88,0.24,-1.98,10.27,-7.32,31.30,1005.50,46.90,-0.15
481,196267,6.79,2.15,7.20,-0.75,1.01,13.35,15.64,31.30,1005.50,46.90,-0.15
482,196655,4.08,-3.06,8.53,-0.60,0.96,3.43,26.60,31.30,1005.40,46.90,0.69
483,197045,1.70,-4.62,8.68,-0.31,-0.81,-7.32,28.54,31.30,1005.40,47.10,0.69
484,197433,4.68,-2.56,8.16,-0.06,0.28,-12.11,35.28,31.30,1005.40,47.40,0.69
485,197821,6.55,-3.27,7.76,-0.03,0.03,-17.45,42.82,31.30,1005.50,47.40,-0.15
486,198214,4.39,-3.24,8.12,-0.08,-0.00,-21.00,43.76,31.30,1005.50,47.30,-0.15
487,198607,3.31,-2.99,8.24,0.00,0.13,-22.78,41.25,31.30,1005.40,47.30,0.69
488,198995,2.29,-2.93,9.31,0.64,0.51,-22.76,35.71,31.30,1005.50,47.20,-0.15
489,199383,-0.84,1.76,8.45,0.69,-0.33,-12.59,23.92,31.30,1005.50,47.30,-0.15
490,199778,0.34,1.69,10.25,0.02,-0.37,-5.27,16.74,31.30,1005.40,47.60,0.69
491,200166,1.01,2.60,9.76,0.08,-0.34,2.38,12.42,31.30,1005.40,47.50,0.69
492,200554,3.12,2.46,8.86,0.00,-0.28,8.42,13.69,31.30,1005.40,47.40,0.69
493,200942,3.76,2.00,9.03,-0.02,-0.14,11.84,16.01,31.30,1005.40,47.30,0.69
494,201330,3.68,2.49,8.67,-0.35,-0.14,15.26,18.09,31.30,1005.40,47.20,0.69
495,201718,4.11,-0.47,9.50,0.21,0.23,11.40,20.00,31.30,1005.40,47.20,0.69
496,202106,4.30,-1.29,7.80,-0.23,-0.86,5.63,23.04,31.30,1005.40,47.10,0.69
497,202496,2.00,-0.40,10.97,-0.24,0.47,3.30,19.55,31.30,1005.50,46.90,-0.15
498,202911,4.53,-0.98,9.04,0.04,-0.74,0.06,21.85,31.40,1005.50,46.70,-0.15
499,203300,2.33,0.17,11.80,0.47,0.46,0.03,18.73,31.40,1005.50,46.60,-0.15
500,203688,0.38,-0.48,9.86,-0.37,1.43,-1.37,13.43,31.40,1005.50,46.50,-0.15
501,204076,0.99,1.15,7.66,1.00,-3.73,1.77,9.64,31.40,1005.40,46.40,0.69
502,204459,2.74,2.75,9.60,0.43,0.70,6.61,11.00,31.40,1005.40,46.50,0.69
503,204842,4.90,1.32,7.64,-0.02,-0.17,8.22,17.56,31.30,1005.40,46.30,0.69
504,205232,1.68,1.53,10.28,0.25,-0.14,9.03,15.06,31.30,1005.40,46.20,0.69
505,205620,2.15,-0.63,8.05,-0.27,-0.42,5.04,14.87,31.30,1005.40,46.10,0.69
506,206008,3.94,-4.57,11.05,-0.13,0.02,-4.18,16.42,31.30,1005.40,46.20,0.69
507,206396,1.68,0.49,10.94,-1.38,1.23,-3.40,14.32,31.30,1005.40,46.20,0.69
508,206784,0.94,1.17,8.62,-0.37,0.07,-0.51,11.42,31.30,1005.50,46.10,-0.15
509,207172,-0.08,-1.14,10.79,0.44,0.47,-2.48,7.06,31.40,1005.40,46.10,0.69
510,207562,-1.43,-0.39,7.60,-0.73,-0.09,-3.27,0.09,31.30,1005.40,46.10,0.69
511,207950,0.47,-0.58,11.49,0.28,-0.83,-3.50,-1.02,31.40,1005.40,46.00,0.69
512,208338,1.18,0.05,9.61,-0.18,-0.26,-2.65,0.15,31.40,1005.40,46.10,0.69
513,208726,0.81,1.20,9.91,-0.11,0.33,0.32,0.74,31.40,1005.40,46.10,0.69
514,209109,-0.73,0.86,7.95,0.33,0.11,2.57,-1.99,31.40,1005.40,46.00,0.69
515,209497,0.24,-0.62,9.03,0.34,0.00,0.90,-1.78,31.40,1005.40,46.20,0.69
516,209885,-7.24,4.55,5.53,-0.46,1.09,13.83,-19.30,31.40,1005.40,46.20,0.69
517,210275,-2.31,4.70,9.58,0.00,-0.45,19.69,-20.34,31.40,1005.40,46.20,0.69
518,210663,6.80,-2.41,9.06,1.36,-0.07,10.56,-3.59,31.30,1005.40,46.10,0.69
519,211051,3.52,0.64,5.84,1.07,0.01,9.93,8.14,31.30,1005.50,46.10,-0.15
520,211434,1.24,-2.16,11.94,-1.78,-2.35,3.04,8.31,31.30,1005.50,46.40,-0.15
521,211822,1.26,-1.44,9.32,0.33,0.70,-1.35,9.67,31.30,1005.50,46.60,-0.15
522,212210,-0.51,-0.05,9.22,0.24,-0.05,-1.92,6.62,31.30,1005.50,46.60,-0.15
523,212598,-0.41,-1.42,9.74,0.11,0.01,-4.90,4.26,31.30,1005.50,46.60,-0.15
524,212992,-0.67,-1.05,9.97,-0.08,0.08,-6.39,1.80,31.30,1005.50,46.50,-0.15
525,213403,-0.09,-0.00,9.83,0.00,-0.00,-5.33,0.90,31.30,1005.50,46.40,-0.15
526,213792,-0.00,0.05,9.86,0.00,-0.00,-4.16,0.38,31.30,1005.40,46.30,0.69
527,214180,-0.08,0.06,9.83,0.00,-0.00,-3.09,-0.14,31.30,1005.50,46.30,-0.15
528,214568,-0.10,-0.02,9.85,-0.00,0.00,-2.31,-0.53,31.30,1005.50,46.30,-0.15
529,214962,-0.09,0.10,9.84,-0.00,0.00,-1.43,-0.77,31.30,1005.50,46.30,-0.15
530,215350,-0.07,0.02,9.85,-0.00,-0.00,-0.88,-0.89,31.30,1005.50,46.40,-0.15
531,215745,-0.07,0.05,9.83,-0.00,-0.00,-0.38,-0.94,31.40,1005.50,46.40,-0.15
532,216138,-0.07,0.06,9.84,-0.00,0.00,0.01,-0.94,31.40,1005.50,46.50,-0.15
533,216526,-0.06,0.08,9.86,-0.00,-0.00,0.33,-0.87,31.40,1005.50,46.40,-0.15
534,216914,-0.07,0.03,9.83,0.00,-0.00,0.45,-0.83,31.40,1005.50,46.40,-0.15
535,217302,1.56,-0.71,11.39,2.67,-1.44,-0.05,1.62,31.40,1005.50,46.40,-0.15
536,217690,-3.32,4.50,4.89,0.34,0.19,14.29,-10.02,31.40,1005.40,46.30,0.69
537,218080,0.62,0.36,9.64,-0.27,1.01,11.84,-6.37,31.40,1005.40,46.40,0.69
538,218468,-0.13,1.07,9.68,0.17,0.14,11.12,-5.03,31.40,1005.40,46.60,0.69
539,218856,0.76,-1.21,11.20,-0.18,-0.10,6.07,-2.38,31.40,1005.40,46.60,0.69
540,219244,-1.40,2.85,11.21,0.58,-0.90,9.00,-4.12,31.40,1005.50,46.60,-0.15
541,219632,-0.03,0.83,9.08,-0.27,-0.43,8.03,-3.03,31.40,1005.40,46.60,0.69
542,220020,-0.04,0.88,10.52,-0.46,-0.26,7.00,-2.08,31.40,1005.40,46.50,0.69
543,220408,0.00,-0.45,9.48,0.01,0.24,3.79,-1.12,31.40,1005.40,46.40,0.69
544,220798,-0.18,-2.54,9.20,1.14,1.11,-2.73,-0.58,31.40,1005.40,46.20,0.69
545,221186,-0.13,5.17,7.44,-1.48,0.07,8.33,-0.48,31.40,1005.40,46.20,0.69
546,221574,0.86,-2.95,11.95,-0.84,0.70,1.17,1.43,31.30,1005.50,46.40,-0.15
547,222064,0.14,0.16,9.90,-0.01,0.02,0.53,1.66,31.40,1005.50,46.50,-0.15
548,222452,0.02,0.14,9.83,-0.07,0.07,0.21,1.43,31.40,1005.50,46.60,-0.15
549,222840,0.05,0.11,9.85,0.00,-0.00,-0.01,1.25,31.40,1005.50,46.60,-0.15
550,223228,-0.03,0.11,9.87,0.00,-0.00,-0.12,0.92,31.40,1005.50,46.50,-0.15
551,223623,-0.06,0.03,9.86,0.00,-0.00,-0.31,0.59,31.40,1005.50,46.50,-0.15
552,224032,-0.05,0.03,9.86,-0.00,0.00,-0.41,0.32,31.40,1005.50,46.50,-0.15
553,224434,-0.05,0.04,9.85,-0.00,0.00,-0.42,0.11,31.40,1005.50,46.40,-0.15
554,224843,-0.06,0.05,9.84,-0.00,-0.00,-0.36,-0.08,31.40,1005.40,46.40,0.69
555,225232,-0.07,0.04,9.87,0.00,-0.00,-0.30,-0.24,31.40,1005.50,46.30,-0.15
556,225620,-0.07,0.05,9.84,-0.00,0.00,-0.21,-0.35,31.40,1005.50,46.30,-0.15
557,226008,-0.05,0.03,9.85,-0.00,-0.00,-0.16,-0.39,31.40,1005.50,46.20,-0.15
558,226403,-0.06,0.06,9.85,-0.00,0.00,-0.04,-0.43,31.40,1005.50,46.10,-0.15
559,226791,-0.03,0.16,9.84,0.00,-0.00,0.25,-0.40,31.40,1005.50,46.00,-0.15
560,227179,-0.06,0.02,9.87,-0.00,0.00,0.22,-0.42,31.40,1005.50,45.90,-0.15
561,227567,-0.06,0.05,9.84,-0.00,-0.00,0.26,-0.44,31.40,1005.50,45.70,-0.15
562,227955,-0.09,0.04,9.85,-0.00,-0.00,0.26,-0.49,31.40,1005.50,45.60,-0.15
563,228343,-0.05,0.06,9.84,-0.00,0.00,0.30,-0.45,31.40,1005.50,45.50,-0.15
564,228733,-0.07,0.04,9.86,-0.00,0.00,0.29,-0.45,31.40,1005.50,45.50,-0.15
565,229121,-0.06,0.06,9.89,0.00,0.00,0.33,-0.42,31.40,1005.50,45.40,-0.15
566,229509,-0.06,0.05,9.85,0.00,-0.00,0.34,-0.40,31.40,1005.50,45.30,-0.15
567,229897,-0.06,0.03,9.85,-0.00,0.00,0.28,-0.39,31.40,1005.50,45.20,-0.15
568,230285,-0.08,0.05,9.84,-0.00,-0.00,0.30,-0.42,31.50,1005.50,45.20,-0.15
569,230673,-0.07,0.04,9.84,0.00,-0.00,0.27,-0.43,31.50,1005.50,45.10,-0.15
570,231061,-0.06,0.06,9.86,0.00,-0.00,0.30,-0.40,31.50,1005.50,45.10,-0.15
571,231451,-0.07,0.05,9.84,0.00,0.00,0.30,-0.40,31.50,1005.50,45.00,-0.15
572,231839,-0.04,0.07,9.86,-0.00,-0.00,0.33,-0.34,31.50,1005.50,45.00,-0.15
573,232227,-0.07,0.04,9.88,-0.00,-0.00,0.31,-0.35,31.50,1005.50,45.00,-0.15
574,232615,-0.07,0.08,9.84,0.00,-0.00,0.36,-0.36,31.50,1005.50,45.00,-0.15
575,233003,-0.06,0.05,9.86,-0.00,-0.00,0.34,-0.35,31.50,1005.50,45.00,-0.15
576,233391,-0.05,0.04,9.86,-0.00,-0.00,0.30,-0.33,31.50,1005.50,45.00,-0.15
577,233779,-0.07,0.08,9.86,0.00,0.00,0.35,-0.35,31.50,1005.40,45.00,0.69
578,234193,-0.07,0.05,9.86,-0.00,0.00,0.34,-0.37,31.50,1005.50,45.00,-0.15
579,234582,-0.07,0.04,9.84,-0.00,-0.00,0.31,-0.39,31.50,1005.50,45.00,-0.15
580,234970,-0.07,0.04,9.85,-0.00,0.00,0.28,-0.39,31.50,1005.50,45.10,-0.15
581,235358,-0.08,0.05,9.84,0.00,0.00,0.27,-0.41,31.50,1005.40,45.10,0.69
582,235746,-0.06,0.06,9.86,-0.00,-0.00,0.29,-0.39,31.50,1005.50,45.10,-0.15
583,236134,-0.06,0.05,9.87,-0.00,-0.00,0.30,-0.38,31.50,1005.50,45.10,-0.15
584,236524,-0.06,0.04,9.84,-0.00,-0.00,0.28,-0.37,31.50,1005.50,45.10,-0.15
585,236912,-0.07,0.05,9.87,0.00,-0.00,0.27,-0.37,31.50,1005.50,45.10,-0.15
586,237300,-0.05,0.05,9.85,-0.00,-0.00,0.28,-0.35,31.50,1005.50,45.10,-0.15
587,237688,-0.07,0.04,9.85,-0.00,0.00,0.27,-0.37,31.50,1005.50,45.10,-0.15
588,238076,-0.04,0.06,9.85,-0.00,0.00,0.29,-0.33,31.50,1005.50,45.10,-0.15
589,238464,-0.06,0.05,9.81,-0.00,-0.00,0.29,-0.32,31.50,1005.50,45.10,-0.15
590,238852,-0.05,0.03,9.82,0.00,-0.00,0.26,-0.31,31.50,1005.50,45.10,-0.15
591,239242,-0.05,0.05,9.84,-0.00,0.00,0.27,-0.31,31.50,1005.50,45.10,-0.15
592,239630,-0.06,0.01,9.81,-0.00,-0.00,0.20,-0.32,31.50,1005.40,45.10,0.69
593,240018,-0.07,0.05,9.84,-0.00,0.00,0.21,-0.34,31.50,1005.50,45.10,-0.15
594,240406,-0.04,0.05,9.85,-0.00,-0.00,0.22,-0.31,31.50,1005.50,45.10,-0.15
595,240794,-0.06,0.05,9.85,-0.00,0.00,0.25,-0.32,31.50,1005.50,45.10,-0.15
596,241182,-0.06,0.05,9.88,-0.00,0.00,0.26,-0.33,31.50,1005.50,45.20,-0.15
597,241570,-0.05,0.05,9.86,-0.00,-0.00,0.27,-0.32,31.50,1005.50,45.10,-0.15
598,241960,-0.04,0.04,9.85,0.00,0.00,0.25,-0.29,31.50,1005.40,45.10,0.69
599,242348,-0.06,0.08,9.86,-0.00,0.00,0.32,-0.30,31.50,1005.50,45.10,-0.15
600,242736,-0.07,0.05,9.86,0.00,-0.00,0.32,-0.33,31.50,1005.50,45.20,-0.15
601,243124,-0.06,0.05,9.86,-0.00,0.00,0.31,-0.34,31.50,1005.50,45.10,-0.15
602,243512,-0.05,0.06,9.90,0.00,-0.00,0.33,-0.32,31.50,1005.50,45.20,-0.15
603,243900,-0.07,0.04,9.84,-0.00,-0.00,0.30,-0.34,31.50,1005.40,45.20,0.69
604,244288,-0.04,0.05,9.86,0.00,-0.00,0.30,-0.31,31.50,1005.50,45.10,-0.15
605,244705,-0.06,0.05,9.88,-0.00,-0.00,0.29,-0.31,31.50,1005.50,45.00,-0.15
606,245094,-0.07,0.06,9.83,-0.00,0.00,0.32,-0.35,31.50,1005.50,45.00,-0.15
607,245482,-0.07,0.05,9.88,0.00,0.00,0.32,-0.37,31.50,1005.50,45.00,-0.15
608,245870,-0.07,0.04,9.84,-0.00,0.00,0.28,-0.39,31.50,1005.50,45.00,-0.15
609,246258,-0.03,0.03,9.89,-0.00,0.00,0.24,-0.33,31.50,1005.50,45.00,-0.15
610,246646,-0.07,0.05,9.87,-0.00,-0.00,0.25,-0.36,31.50,1005.50,45.00,-0.15
611,247036,-0.06,0.05,9.87,-0.00,-0.00,0.25,-0.35,31.50,1005.50,44.90,-0.15
612,247424,-0.06,0.05,9.83,-0.00,0.00,0.26,-0.35,31.50,1005.50,44.90,-0.15
613,247812,0.03,0.19,9.87,-0.02,0.02,0.53,-0.17,31.50,1005.50,44.80,-0.15
614,248200,2.04,-0.06,9.62,0.91,0.19,0.50,3.97,31.50,1005.50,44.90,-0.15
615,248588,0.23,-2.54,-3.72,1.49,-0.04,-48.14,62.29,31.50,1005.50,45.20,-0.15
616,248981,3.22,-4.16,-8.83,-3.25,-2.53,-91.02,102.20,31.50,1005.50,46.10,-0.15
617,249380,-0.41,-1.98,11.26,-1.37,-0.11,-74.28,78.40,31.50,1005.50,47.00,-0.15
618,249780,0.10,0.13,9.79,0.00,0.00,-54.96,58.27,31.50,1005.50,47.60,-0.15
619,250168,-0.02,0.04,9.83,0.00,0.00,-38.81,41.06,31.50,1005.50,49.10,-0.15
620,250556,-0.05,0.04,9.84,0.00,-0.00,-25.73,27.09,31.60,1005.50,49.40,-0.15
621,250949,-0.06,0.01,9.84,0.00,-0.00,-15.46,16.04,31.60,1005.50,48.70,-0.15
622,251342,-0.03,0.06,9.84,-0.00,0.00,-7.55,7.74,31.50,1005.50,48.00,-0.15
623,251730,-0.04,0.09,9.87,-0.00,0.00,-1.81,1.77,31.50,1005.50,47.50,-0.15
624,252118,-0.04,0.02,9.82,0.00,-0.00,2.01,-2.33,31.50,1005.50,47.10,-0.15
625,252508,-0.04,0.05,9.85,-0.00,-0.00,4.51,-4.93,31.50,1005.50,46.90,-0.15
626,252896,-0.04,0.05,9.87,0.00,-0.00,5.89,-6.35,31.50,1005.50,46.60,-0.15
627,253284,-0.01,0.05,9.84,-0.00,0.00,6.47,-6.86,31.50,1005.50,46.40,-0.15
628,253672,-0.04,0.05,9.86,-0.00,-0.00,6.46,-6.84,31.50,1005.50,46.20,-0.15
629,254060,-0.04,0.05,9.90,-0.00,0.00,6.08,-6.41,31.50,1005.50,46.00,-0.15
630,254448,-0.05,0.06,9.85,-0.00,-0.00,5.49,-5.75,31.50,1005.50,45.90,-0.15
631,254842,-0.02,0.07,9.86,-0.00,0.00,4.80,-4.93,31.50,1005.50,45.90,-0.15
632,255251,-0.04,0.07,9.85,-0.00,-0.00,4.08,-4.12,31.50,1005.50,45.80,-0.15
633,255640,-0.06,0.04,9.83,-0.00,-0.00,3.26,-3.34,31.50,1005.50,45.70,-0.15
634,256028,-0.04,0.08,9.88,-0.00,0.00,2.62,-2.62,31.50,1005.50,45.70,-0.15
635,256416,-0.06,0.04,9.86,0.00,0.00,1.98,-2.03,31.50,1005.50,45.60,-0.15
636,256804,-0.04,0.04,9.85,-0.00,0.00,1.44,-1.50,31.60,1005.50,45.60,-0.15
637,257192,-0.04,0.05,9.86,-0.00,0.00,1.04,-1.07,31.60,1005.50,45.50,-0.15
638,257582,-0.03,0.06,9.81,-0.00,0.00,0.74,-0.71,31.60,1005.50,45.40,-0.15
639,257970,-0.04,0.08,9.89,0.00,-0.00,0.56,-0.45,31.60,1005.50,45.40,-0.15
640,258358,-0.11,-0.08,9.85,0.00,-0.00,0.11,-0.41,31.60,1005.50,45.40,-0.15
641,258746,-0.04,0.08,9.86,-0.00,0.00,0.10,-0.26,31.50,1005.50,45.30,-0.15
642,259134,-0.02,0.07,9.89,-0.00,0.00,0.09,-0.11,31.50,1005.50,45.30,-0.15
643,259522,0.02,0.29,9.81,0.04,-0.05,0.55,0.04,31.60,1005.50,45.30,-0.15
644,259910,-0.19,-0.13,9.85,-0.00,0.00,0.09,-0.24,31.60,1005.50,45.30,-0.15
645,260300,-0.07,0.02,9.84,0.00,-0.00,0.03,-0.25,31.60,1005.50,45.20,-0.15
646,260688,-0.06,0.01,9.88,-0.00,0.00,-0.02,-0.24,31.60,1005.50,45.20,-0.15
647,261076,-0.01,0.10,9.86,0.00,-0.00,0.12,-0.16,31.60,1005.50,45.10,-0.15
648,261464,-0.06,0.03,9.85,0.00,0.00,0.10,-0.18,31.60,1005.50,45.20,-0.15
649,261852,-0.04,0.05,9.85,-0.00,-0.00,0.13,-0.17,31.60,1005.50,45.10,-0.15
650,262240,-0.04,0.04,9.89,-0.00,-0.00,0.14,-0.17,31.60,1005.50,45.10,-0.15
651,262630,-0.05,0.04,9.86,-0.00,0.00,0.16,-0.20,31.60,1005.50,45.00,-0.15
652,263018,-0.05,0.03,9.87,0.00,-0.00,0.15,-0.21,31.60,1005.50,45.00,-0.15
653,263406,-0.05,0.05,9.85,-0.00,-0.00,0.18,-0.23,31.60,1005.50,45.00,-0.15
654,263794,-0.06,0.05,9.84,0.00,-0.00,0.20,-0.26,31.60,1005.50,45.00,-0.15
655,264182,-0.05,0.03,9.91,-0.00,-0.00,0.20,-0.27,31.60,1005.50,45.00,-0.15
656,264570,-0.07,0.02,9.88,-0.00,0.00,0.17,-0.31,31.60,1005.50,45.00,-0.15
657,264958,-0.05,0.05,9.86,-0.00,0.00,0.22,-0.31,31.60,1005.50,44.90,-0.15
658,265381,-0.04,0.05,9.84,-0.00,-0.00,0.24,-0.30,31.60,1005.50,44.90,-0.15
659,265769,-0.06,0.03,9.89,-0.00,-0.00,0.22,-0.31,31.60,1005.50,44.90,-0.15
660,266157,-0.05,0.05,9.85,-0.00,0.00,0.24,-0.31,31.60,1005.50,44.80,-0.15
661,266545,-0.05,0.04,9.85,-0.00,0.00,0.24,-0.31,31.60,1005.50,44.80,-0.15
662,266933,-0.04,0.04,9.88,-0.00,-0.00,0.24,-0.30,31.60,1005.50,44.70,-0.15
663,267321,-0.06,0.04,9.86,-0.00,-0.00,0.24,-0.32,31.60,1005.50,44.70,-0.15
664,267709,-0.12,0.10,9.82,-0.00,0.00,0.36,-0.45,31.60,1005.50,44.70,-0.15
665,268099,-0.03,0.07,9.87,-0.01,-0.00,0.40,-0.37,31.60,1005.50,44.60,-0.15
666,268487,-0.04,0.07,9.86,0.00,-0.00,0.42,-0.34,31.60,1005.50,44.60,-0.15
667,268875,-0.14,0.02,9.86,0.00,-0.00,0.34,-0.50,31.60,1005.50,44.60,-0.15
668,269263,-0.06,0.04,9.84,-0.00,0.00,0.30,-0.47,31.60,1005.50,44.60,-0.15
669,269651,-0.03,0.09,9.85,-0.00,0.00,0.38,-0.38,31.60,1005.40,44.50,0.69
670,270039,-0.08,0.03,9.89,0.00,-0.00,0.32,-0.40,31.60,1005.50,44.50,-0.15
671,270427,-0.07,0.04,9.84,-0.00,0.00,0.28,-0.41,31.60,1005.40,44.50,0.69
672,270817,-0.03,0.05,9.84,-0.00,0.00,0.27,-0.34,31.60,1005.50,44.50,-0.15
673,271205,-0.05,0.05,9.86,-0.00,0.00,0.28,-0.31,31.60,1005.50,44.50,-0.15
674,271593,-0.03,0.03,9.88,-0.00,0.00,0.24,-0.25,31.60,1005.50,44.50,-0.15
675,271981,-0.05,0.01,9.85,-0.00,0.00,0.17,-0.26,31.60,1005.40,44.50,0.69
676,272369,-0.04,0.07,9.84,0.00,-0.00,0.24,-0.23,31.60,1005.40,44.50,0.69
677,272757,-0.06,0.03,9.87,0.00,-0.00,0.21,-0.27,31.60,1005.50,44.50,-0.15
678,273147,-0.06,0.02,9.86,-0.00,0.00,0.17,-0.29,31.60,1005.50,44.50,-0.15
679,273535,-0.04,0.04,9.87,-0.00,0.00,0.18,-0.28,31.60,1005.50,44.50,-0.15
680,273923,-0.03,0.08,9.86,-0.00,-0.00,0.27,-0.24,31.60,1005.50,44.40,-0.15
681,274311,-0.05,0.02,9.87,-0.00,0.00,0.22,-0.25,31.60,1005.40,44.40,0.69
682,274699,-0.05,0.03,9.86,-0.00,0.00,0.21,-0.27,31.60,1005.50,44.40,-0.15
683,275087,-0.04,0.04,9.86,-0.00,0.00,0.21,-0.25,31.60,1005.50,44.40,-0.15
684,275500,-0.04,0.05,9.85,-0.00,-0.00,0.24,-0.25,31.60,1005.50,44.40,-0.15
685,275891,-0.03,0.05,9.86,-0.00,-0.00,0.25,-0.22,31.60,1005.50,44.50,-0.15
686,276279,-0.06,0.04,9.85,-0.00,-0.00,0.24,-0.25,31.60,1005.40,44.50,0.69
687,276667,-0.04,0.03,9.89,-0.00,-0.00,0.21,-0.24,31.60,1005.40,44.60,0.69
688,277055,-0.06,0.03,9.85,-0.00,-0.00,0.19,-0.28,31.60,1005.50,44.60,-0.15
689,277443,-0.05,0.06,9.84,-0.00,-0.00,0.24,-0.29,31.60,1005.50,44.60,-0.15
690,277831,-0.05,0.06,9.85,-0.00,-0.00,0.28,-0.29,31.60,1005.50,44.60,-0.15
691,278219,-0.06,0.05,9.87,-0.00,-0.00,0.28,-0.32,31.60,1005.50,44.60,-0.15
692,278609,-0.05,0.04,9.84,-0.00,0.00,0.27,-0.31,31.60,1005.50,44.60,-0.15
693,278997,-0.05,0.04,9.87,-0.00,0.00,0.26,-0.30,31.60,1005.50,44.60,-0.15
694,279385,-0.07,0.03,9.86,-0.00,-0.00,0.23,-0.33,31.60,1005.50,44.60,-0.15
695,279773,-0.04,0.04,9.88,-0.00,0.00,0.22,-0.31,31.60,1005.50,44.60,-0.15
696,280161,-0.05,0.03,9.88,-0.00,-0.00,0.20,-0.31,31.60,1005.50,44.60,-0.15
697,280549,-0.06,0.03,9.87,-0.00,-0.00,0.18,-0.33,31.60,1005.50,44.60,-0.15
698,280939,-0.06,0.05,9.88,-0.00,-0.00,0.21,-0.34,31.60,1005.50,44.60,-0.15
699,281327,-0.05,0.05,9.84,-0.00,0.00,0.25,-0.33,31.60,1005.50,44.60,-0.15
700,281715,-0.04,0.06,9.87,-0.00,0.00,0.29,-0.30,31.60,1005.50,44.60,-0.15
701,282103,-1.56,-0.43,10.85,0.06,-0.12,-0.54,-2.97,31.60,1005.40,44.90,0.69
702,282496,-1.39,2.88,11.08,1.15,2.53,4.75,-4.04,31.60,1005.50,45.50,-0.15
703,282884,-7.22,4.55,1.79,0.54,3.54,26.84,-27.85,31.60,1005.40,45.40,0.69
704,283272,-5.46,5.96,6.74,0.09,-0.13,34.90,-35.16,31.60,1005.40,45.50,0.69
705,283662,-3.47,3.41,6.14,0.16,0.18,36.52,-36.99,31.60,1005.40,45.80,0.69
706,284050,-5.14,2.47,-2.61,-1.23,-1.95,72.85,-67.61,31.60,1005.40,46.20,0.69
707,284443,-2.04,3.86,-10.64,-0.53,-1.71,109.18,-108.67,31.60,1005.40,46.60,0.69
708,284842,-0.41,1.32,-13.64,-0.67,-1.24,141.57,-142.96,31.60,1005.40,47.00,0.69
709,285241,-1.62,-0.31,-11.51,-0.61,0.41,45.31,-165.37,31.60,1005.40,47.20,0.69
710,285640,-1.18,0.41,-10.95,-0.08,0.73,88.48,-181.14,31.60,1005.40,47.60,0.69
711,286072,-2.60,-0.11,-8.35,0.00,1.31,-0.52,-187.85,31.70,1005.40,47.80,0.69
712,286468,-3.51,-0.90,-7.60,0.63,1.31,-67.68,-187.07,31.70,1005.40,48.10,0.69
713,286861,-1.73,-0.68,-10.16,0.05,0.91,-119.34,-189.84,31.70,1005.40,48.40,0.69
714,287259,-2.89,0.02,-9.05,0.08,0.76,-35.92,-187.83,31.70,1005.40,48.50,0.69
715,287652,-2.09,0.44,-9.35,-0.15,0.14,31.78,-186.72,31.70,1005.40,48.50,0.69
716,288045,-1.36,0.62,-11.16,0.19,0.27,85.60,-186.67,31.70,1005.40,48.50,0.69
717,288438,-2.03,2.09,-11.63,0.07,-0.31,124.55,-184.92,31.70,1005.40,48.10,0.69
718,288838,-2.95,4.07,-14.36,-0.30,-0.82,151.47,-182.40,31.70,1005.40,47.80,0.69
719,289237,-2.42,2.43,-11.57,0.78,-0.80,171.67,-179.74,31.70,1005.40,47.60,0.69
720,289635,-1.74,2.50,-12.12,0.12,-0.93,184.61,-178.51,31.70,1005.40,47.40,0.69
721,290034,-2.41,1.64,-10.87,0.05,-1.05,193.16,-175.82,31.70,1005.50,47.40,-0.15
722,290432,-1.98,1.98,-11.71,0.07,-1.07,197.02,-174.50,31.70,1005.40,47.50,0.69
723,290831,-1.63,2.20,-12.42,-0.16,-1.30,197.65,-174.15,31.70,1005.40,47.40,0.69
724,291231,-3.00,2.25,-10.28,0.07,-2.17,195.57,-171.04,31.70,1005.40,47.40,0.69
725,291629,-6.19,1.92,-4.43,-1.24,-2.41,188.25,-155.60,31.80,1005.40,47.50,0.69
726,292027,-9.83,2.34,-2.31,-1.65,-2.53,173.80,-135.89,31.80,1005.40,47.80,0.69
727,292426,-10.05,2.66,-1.46,-1.23,-2.71,156.47,-119.14,31.80,1005.40,47.80,0.69
728,292824,-10.15,1.67,-1.46,-1.82,-2.44,146.64,-106.66,31.80,1005.40,48.00,0.69
729,293223,-10.67,2.85,0.24,-1.28,-2.47,123.65,-94.65,31.80,1005.40,48.00,0.69
730,293616,-13.18,4.62,3.29,-1.16,-2.67,95.73,-82.16,31.80,1005.40,47.80,0.69
731,294011,-14.02,8.50,10.13,-1.60,-2.02,69.61,-65.92,31.80,1005.40,47.70,0.69
732,294404,-14.71,8.64,12.61,-2.20,-2.00,48.47,-52.86,31.80,1005.40,47.50,0.69
733,294797,-16.85,9.53,20.63,-1.23,-0.37,30.58,-40.13,31.80,1005.40,47.40,0.69
734,295190,-18.24,11.14,24.49,0.57,0.51,18.73,-30.56,31.80,1005.40,47.30,0.69
735,295583,-15.97,8.08,16.66,1.27,2.39,11.90,-26.51,31.80,1005.40,47.10,0.69
736,295976,-10.29,4.69,9.32,1.39,2.72,8.58,-26.22,31.80,1005.40,47.20,0.69
737,296372,-7.96,4.24,-1.48,0.71,2.94,35.24,-45.15,31.80,1005.40,47.30,0.69
738,296762,-3.91,2.82,-7.50,0.80,1.95,74.55,-78.99,31.80,1005.40,47.30,0.69
739,297150,-1.43,-0.20,-10.16,0.43,1.13,-8.09,-112.71,31.80,1005.40,47.30,0.69
740,297544,-3.20,-0.02,-11.06,0.40,1.18,-74.18,-136.16,31.80,1005.40,47.00,0.69
741,297943,-1.12,0.33,-12.89,0.62,-0.48,-3.51,-157.83,31.80,1005.40,46.70,0.69
742,298337,-2.39,2.14,-12.51,1.11,-1.51,52.31,-171.43,31.80,1005.40,46.50,0.69
743,298730,-6.59,-0.46,-4.44,1.34,-2.72,-19.74,-165.27,31.80,1005.40,46.40,0.69
744,299131,-6.45,-1.72,-8.04,-0.67,-3.80,-75.99,-164.80,31.80,1005.40,46.60,0.69
745,299530,-4.39,1.46,-12.37,0.14,-3.26,-2.76,-169.32,31.80,1005.40,46.50,0.69
746,299923,-6.36,2.18,-6.27,0.15,-3.55,52.52,-162.95,31.80,1005.40,46.60,0.69
747,300316,-10.44,3.83,-1.64,0.49,-2.99,79.81,-144.76,31.80,1005.40,46.60,0.69
748,300709,-13.58,4.63,6.36,0.82,-3.25,73.99,-118.40,31.80,1005.40,46.60,0.69
749,301103,-16.27,2.79,8.15,1.74,-2.98,62.21,-96.97,31.80,1005.40,46.70,0.69
750,301499,-16.82,2.84,16.72,1.04,-2.11,48.32,-74.22,31.80,1005.40,46.90,0.69
751,301892,-20.40,5.03,23.04,-0.56,-1.24,37.15,-55.91,31.80,1005.40,46.80,0.69
752,302285,-21.33,3.79,26.34,-1.60,0.01,26.52,-41.70,31.80,1005.40,46.80,0.69
753,302679,-21.12,3.00,29.32,-1.80,1.12,17.47,-30.72,31.80,1005.40,46.90,0.69
754,303072,-21.20,-1.80,29.97,-1.43,1.34,7.71,-23.57,31.80,1005.40,47.30,0.69
755,303465,-18.70,-2.49,28.76,-1.13,2.40,0.11,-18.54,31.80,1005.40,47.40,0.69
756,303861,-16.98,-1.18,27.46,-1.12,2.92,-4.43,-15.52,31.80,1005.40,47.40,0.69
757,304255,-14.16,0.22,17.53,-0.32,3.36,-6.00,-16.91,31.90,1005.40,47.40,0.69
758,304649,-6.78,0.36,3.71,-1.11,3.52,-5.18,-26.76,31.80,1005.40,47.40,0.69
759,305037,-4.67,3.04,-7.41,-0.25,3.45,47.54,-64.62,31.80,1005.40,47.50,0.69
760,305431,-5.35,1.64,-2.14,0.14,-1.11,84.44,-84.03,31.80,1005.40,47.50,0.69
761,305825,-6.55,4.41,7.75,0.54,1.57,74.60,-73.78,31.80,1005.40,47.70,0.69
762,306213,-6.56,5.90,6.36,0.32,-0.31,69.59,-67.25,31.90,1005.40,48.10,0.69
763,306603,-5.92,6.98,4.64,-1.02,0.48,68.82,-63.43,31.90,1005.40,47.70,0.69
764,306997,-2.59,8.68,9.32,-0.48,1.11,63.18,-47.73,31.90,1005.40,47.60,0.69
765,307386,-6.80,4.01,14.95,1.06,-1.10,49.13,-38.90,31.90,1005.40,48.10,0.69
766,307844,-2.26,3.49,-3.86,0.84,-1.75,80.34,-75.92,31.90,1005.40,47.90,0.69
767,308426,-10.68,-0.98,15.40,-1.05,-1.48,52.20,-64.14,31.90,1005.40,47.60,0.69
768,308825,-4.84,7.26,4.12,1.21,-1.69,54.92,-59.73,31.90,1005.40,47.20,0.69
769,309213,-1.81,6.05,5.96,3.01,-0.01,52.11,-44.51,31.90,1005.40,47.00,0.69
770,309603,-0.13,12.56,0.19,-1.59,-0.51,63.77,-39.64,31.90,1005.40,47.00,0.69
771,309997,-2.34,-1.19,13.67,-1.21,-2.25,40.99,-27.79,31.90,1005.40,47.20,0.69
772,310493,-0.42,5.63,-0.44,-1.48,4.17,57.52,-61.83,31.90,1005.40,47.40,0.69
773,310952,-1.97,5.48,8.84,2.33,-1.49,49.40,-46.19,31.90,1005.40,47.20,0.69
774,311411,1.83,9.22,-2.91,0.31,-0.90,70.19,25.72,31.90,1005.40,47.20,0.69
775,311799,-1.06,10.58,-2.31,-0.13,0.01,83.40,-29.46,31.90,1005.40,47.50,0.69
776,312195,-4.39,8.50,-1.97,0.14,-0.38,93.44,-58.11,31.90,1005.40,48.30,0.69
777,312589,-2.41,10.80,-1.47,-0.18,-0.11,98.68,-82.58,31.90,1005.40,48.30,0.69
778,312983,-1.00,10.10,-0.90,-0.08,-0.30,101.21,-104.82,32.00,1005.40,48.30,0.69
779,313382,-1.28,8.87,-0.98,0.05,0.20,102.98,-119.63,32.00,1005.40,49.10,0.69
780,313776,-2.13,10.49,-0.92,-0.17,0.52,103.19,-124.92,32.00,1005.40,50.00,0.69
781,314175,-3.42,8.36,0.43,-2.23,1.13,99.58,-117.22,32.00,1005.40,49.50,0.69
782,314569,-7.58,4.12,3.79,-1.55,0.06,83.09,-103.56,32.00,1005.40,48.70,0.69
783,314965,-6.48,1.79,5.83,0.72,-0.05,60.20,-86.78,32.00,1005.40,48.30,0.69
784,315354,-5.68,0.69,6.76,-0.08,-0.01,38.43,-70.57,32.00,1005.40,48.10,0.69
785,315748,-6.08,-1.12,4.93,3.02,-0.29,16.41,-61.66,32.00,1005.40,47.60,0.69
786,316142,-4.82,6.11,6.45,0.73,-1.69,18.42,-50.64,32.00,1005.40,47.30,0.69
787,316530,5.58,7.17,7.15,-0.78,-1.43,21.53,-17.28,32.00,1005.40,47.30,0.69
788,316919,-2.33,5.27,10.13,-1.60,-0.44,18.90,-8.59,32.00,1005.40,47.40,0.69
789,317315,-2.22,-2.70,11.31,-0.36,0.81,4.16,-2.03,32.00,1005.40,47.70,0.69
790,317707,-5.66,0.56,8.86,-1.35,-1.01,-1.18,-6.06,32.00,1005.40,47.90,0.69
791,318096,-1.43,-1.61,8.62,0.22,0.39,-8.76,-2.26,32.00,1005.50,47.40,-0.15
792,318484,0.39,-1.05,9.89,-0.07,0.07,-12.45,3.65,32.00,1005.40,46.90,0.69
793,318872,-0.08,-0.28,9.84,-0.06,0.10,-13.02,6.59,32.00,1005.40,46.50,0.69
794,319260,1.20,0.33,9.84,-0.01,0.02,-11.48,10.58,32.00,1005.40,46.20,0.69
795,319648,0.64,0.14,9.85,0.01,0.00,-10.00,11.90,32.00,1005.40,46.20,0.69
796,320038,0.22,0.08,9.88,-0.01,0.00,-8.47,11.47,32.00,1005.40,46.10,0.69
797,320426,0.12,-0.09,9.86,0.01,-0.01,-7.22,10.34,32.00,1005.50,45.90,-0.15
798,320814,-1.94,0.11,11.50,0.24,0.04,-5.54,5.54,32.00,1005.50,45.70,-0.15
799,321202,-0.06,-0.11,9.84,0.00,-0.00,-4.51,4.50,31.90,1005.40,45.60,0.69
800,321590,0.18,0.18,9.86,0.06,-0.05,-3.00,3.96,31.90,1005.50,45.40,-0.15
801,321978,-10.74,10.08,7.93,0.39,1.65,15.35,-14.44,31.90,1005.40,45.30,0.69
802,322454,0.25,0.05,9.89,0.00,0.00,12.55,-11.14,31.90,1005.40,45.30,0.69
803,322844,0.21,0.03,9.86,-0.00,0.00,9.57,-7.99,31.90,1005.50,45.30,-0.15
804,323232,0.40,0.25,9.85,-0.05,0.05,7.49,-4.99,31.90,1005.50,45.30,-0.15
805,323620,0.21,0.04,9.84,-0.00,-0.00,5.37,-2.96,31.90,1005.40,45.30,0.69
806,324008,0.22,0.03,9.84,-0.00,-0.00,3.64,-1.36,31.90,1005.40,45.40,0.69
807,324396,0.21,0.05,9.85,0.00,0.00,2.32,-0.16,31.90,1005.40,45.40,0.69
808,324779,0.23,0.03,9.90,-0.00,-0.00,1.28,0.75,31.90,1005.40,45.30,0.69
809,325169,0.22,0.04,9.90,-0.00,-0.00,0.53,1.39,31.90,1005.40,45.30,0.69
810,325557,0.23,0.03,9.86,0.00,-0.00,0.00,1.82,31.90,1005.40,45.30,0.69
811,325940,0.25,0.02,9.88,-0.00,-0.00,-0.36,2.12,31.90,1005.40,45.20,0.69
812,326329,0.22,0.04,9.86,-0.00,-0.00,-0.55,2.22,31.90,1005.40,45.20,0.69
813,326717,0.23,0.02,9.86,-0.00,-0.00,-0.65,2.26,31.90,1005.40,45.10,0.69
814,327105,0.23,0.05,9.87,-0.00,-0.00,-0.62,2.22,31.90,1005.40,45.10,0.69
815,327493,0.22,0.03,9.84,0.00,-0.00,-0.57,2.11,31.90,1005.40,45.10,0.69
816,327883,0.23,0.04,9.85,-0.00,-0.00,-0.49,2.02,31.90,1005.50,45.10,-0.15
817,328276,0.22,0.05,9.84,0.00,-0.00,-0.37,1.89,31.90,1005.40,45.10,0.69
818,328665,0.23,0.03,9.82,-0.00,-0.00,-0.29,1.78,31.90,1005.40,45.10,0.69
819,329053,0.23,0.03,9.84,-0.00,0.00,-0.20,1.68,31.90,1005.40,45.10,0.69
820,329441,0.23,0.04,9.85,0.00,0.00,-0.10,1.58,31.80,1005.40,45.10,0.69
821,329825,0.23,0.04,9.85,-0.00,0.00,-0.01,1.51,31.80,1005.40,45.00,0.69
822,330214,0.25,0.02,9.86,-0.00,0.00,0.02,1.49,31.80,1005.40,45.00,0.69
823,330599,0.23,0.05,9.85,-0.00,-0.00,0.12,1.45,31.80,1005.40,45.10,0.69
824,330987,0.22,0.02,9.86,-0.00,0.00,0.12,1.39,31.80,1005.40,45.10,0.69
825,331370,0.24,0.03,9.88,-0.00,-0.00,0.15,1.37,31.80,1005.40,45.10,0.69
826,331758,0.22,0.02,9.86,-0.00,-0.00,0.15,1.33,31.80,1005.40,45.10,0.69
827,332147,0.23,-0.00,9.83,-0.00,0.00,0.11,1.31,31.80,1005.40,45.00,0.69
828,332535,0.22,0.04,9.85,-0.00,-0.00,0.14,1.27,31.80,1005.40,45.00,0.69
829,332923,0.23,0.04,9.86,-0.00,0.00,0.17,1.29,31.80,1005.40,45.00,0.69
830,333308,0.21,0.04,9.83,0.00,-0.00,0.19,1.25,31.80,1005.40,45.00,0.69
831,333691,0.22,-0.00,9.86,-0.00,0.00,0.13,1.24,31.80,1005.40,45.00,0.69
832,334079,0.22,0.04,9.88,-0.00,-0.00,0.16,1.24,31.80,1005.40,45.00,0.69
833,334467,0.23,0.01,9.84,-0.00,-0.00,0.12,1.26,31.80,1005.40,45.00,0.69
